16
5
21.32170943513676 15.653074646646534 3.785369443617353 4.613977835192641 6.389937927680623 14.318881892521967 0.0 7.8643160355604085 1.9978215857976793 3.2615007031023024 3.16679779573287 5.343471765185798 3.669067146003288 3.0216633140520366 3.8267114883979128 1.765698985371834
0
1 2 0.511713118000037
2 1 0.6548737939469355
1
11 13 0.6821640802268095
14 4 0.6737054303791841
14 15 0.5219607639527165
11 5 0.8588563221257789
10 4 0.6911014411950326
2 4 0.813372423162272
2 13 0.8934508428905559
13 7 0.9731114783334478
3 4 0.7744947908144636
3 13 0.7303697286148183
13 2 0.8914738519870302
1 9 0.626947371707992
1 4 0.6329897015545985
1 3 0.740869325415622
7 3 0.7221006134801684
12 15 0.6396002168102217
3 15 0.5481450209893737
2 7 0.9883208413659886
15 0 0.7298332769056299
11 4 0.5149867558723652
0 7 0.9086831088513714
7 14 0.734574358767533
4 2 0.6637727530435201
0 13 0.7920734616333619
0 14 0.7377030992653207
7 13 0.846969068195163
3 1 0.8074471974230029
9 1 0.754483418782545
5 11 0.8541648893275173
5 4 0.7373274153932396
2 1 0.6733542011719652
5 14 0.7481001924632192
5 3 0.7008207256831984
1 0 0.5031957827353646
1 5 0.594766662790083
12 4 0.7417743240595012
1 14 0.7321824641581822
10 5 0.7341707930149336
1 15 0.5390468639585312
5 13 0.652030614073248
5 7 0.9791401542020021
5 0 0.5115216962865332
5 1 0.528797383141121
5 9 0.5696113250888565
14 7 0.9632819359183625
15 12 0.713858722641128
15 4 0.6501381612695953
2 0 0.8573137654704865
3 9 0.7573245625853654
9 15 0.5667285601549181
2 3 0.770439133789691
14 9 0.7095252833161079
2 5 0.5897575684052305
0 4 0.7711882795304172
9 4 0.680759664952634
4 5 0.8961851700748547
1 13 0.7134210690284846
2 14 0.7174879884410301
14 5 0.667961238582876
14 12 0.8124139655131126
1 12 0.5950852046646307
4 13 0.6106297975945643
4 0 0.8157670643135587
2
1 4 0.6114647366493017
2 13 0.8975032964237835
2 4 0.7507134761038875
2 0 0.8313055830430697
2 5 0.7243624331557396
2 1 0.5518580754664261
10 13 0.6448025889851057
14 7 0.7144859149154279
3 4 0.6054534663998593
14 0 0.588919328495436
2 3 0.682876869606617
7 0 0.6585958889202076
2 7 0.9963552438309694
5 7 0.7922438647036194
7 5 0.935701601762009
0 7 0.9153969789427592
0 9 0.5742627987347391
14 12 0.5852525148931176
13 4 0.6514924016213604
8 13 0.5210778669822773
5 13 0.5158245472343143
5 2 0.5172130330874474
8 5 0.6354340801523483
11 5 0.7241256914913673
2 9 0.6111690122351178
4 14 0.6723522039699045
14 4 0.5384849073228574
4 0 0.6052371946564409
9 12 0.6289424793718976
3 9 0.5638358831151821
2 14 0.5100331083941524
5 4 0.5048842737671589
9 14 0.6064641606867215
4 13 0.6666549621995834
1 5 0.606534077645277
4 5 0.6834452989238561
1 9 0.5825750189693573
1 3 0.5615709839801811
15 13 0.9803106041038695
8 0 0.5320535117722024
5 11 0.7583820608985306
3 1 0.6680877336499693
12 0 0.579041413011494
5 9 0.832348302220154
1 0 0.5438905282209874
7 13 0.9511725242363824
7 2 0.6436713200638353
3 13 0.5361311172854295
12 4 0.51023458005586
4 8 0.7100971704986793
2 15 0.9880683408659006
0 4 0.9053990667752737
5 8 0.6799239842852015
4 7 0.7772124788703488
9 7 0.6076035591710843
3
5 4 0.8248740695434179
4 5 0.5527350684490984
5 14 0.8479013978117431
2 13 0.8410666294626306
2 7 0.8022182261936952
2 0 0.7877588012788093
2 1 0.5248808558346508
1 9 0.6781136521527035
9 4 0.7180001508279
1 4 0.6540573490121221
9 1 0.6050924201005765
11 5 0.7338186646041485
2 4 0.6336809195707618
12 13 0.5754102397790988
12 7 0.5614724306055493
12 0 0.5314528997864234
2 8 0.749356396734765
2 5 0.6436780139990428
4 13 0.5495500833892368
5 11 0.8092957673346268
3 4 0.6643285348691726
2 3 0.7874975062350082
0 7 0.768946165777255
0 13 0.7741683045845542
3 9 0.7822298345067078
4 1 0.7606485922109303
15 7 0.5206036567898779
1 0 0.5205240586035215
13 0 0.733255318962124
7 4 0.9609622539084964
7 3 0.5806498390603804
7 13 0.8317440089187021
7 0 0.8456690416041125
14 0 0.6063833093697736
14 7 0.5574908818724319
10 5 0.5105987925795282
7 2 0.5246711762252787
8 5 0.6431985728866334
1 3 0.5626119959589843
11 12 0.554509542944638
11 8 0.6667378697510064
3 1 0.7228844160615095
4
2 7 0.9623862384815807
8 13 0.5288647876812886
10 5 0.5323803825871652
10 4 0.5279531978920017
10 8 0.550980957690603
1 3 0.5259395350017263
2 13 0.8837118215904265
1 4 0.6316717576586801
0 13 0.716509950059538
7 13 0.7235088587445022
0 1 0.5061710561904109
2 4 0.7403803774231695
13 4 0.5737934915516932
7 0 0.7142288450830431
7 4 0.6752628867666878
3 14 0.5491380691753809
3 13 0.5879102252984577
11 5 0.7775686658206535
11 8 0.6827001766319222
11 13 0.6193269468109693
3 1 0.7383241208943205
2 0 0.8245669516251819
12 5 0.6035607235370742
12 14 0.5332790713390906
4 13 0.6169246367642183
2 5 0.6229776381480094
12 4 0.643909914401525
4 8 0.6320961693812062
4 1 0.5941248953360718
5 11 0.8138513669409653
4 5 0.5548274153447156
5 8 0.68646315694111
2 8 0.652655734873337
9 1 0.5781905058928142
1 8 0.5424710758891628
1 13 0.5901082688474415
5 4 0.6633118620965183
5 9 0.6450277943188502
5 3 0.6203086132662042
5 2 0.5276668284350489
5 13 0.5016531343092652
