16
5
5.512218901916912 5.679321339754834 8.412082863765662 8.079556329767989 1.6007065402894554 7.014963498972274 6.437578525946432 5.054537015027092 9.821420482330645 3.347173476771375 1.6668679065335748 11.360806739981514 5.221689550368756 4.569098089199278 11.25489918804326 4.9670795513309685 
0
0 6 0.6540629287572124
5 1 0.720127987142767
3 14 0.5718564759967164
12 4 0.6664109068926358
5 9 0.6933397892175737
5 10 0.6045375818768162
11 5 0.7185806521048359
9 12 0.5762578342997291
11 15 0.8314491495226288
12 13 0.624250258598049
1
8 0 0.7615276771466399
9 0 0.5075748078141169
10 0 0.5187271079109401
14 0 0.6592686098839753
15 0 0.9522726105066086
8 1 0.520297159995244
9 1 0.6251898913197977
10 1 0.88520764470235
11 1 0.763515886607286
14 1 0.5775580825439437
5 2 0.6545790710568287
6 2 0.5144181955642028
8 2 0.5787199040593959
14 2 0.623486857535857
7 3 0.61710273279641
8 3 0.5062402245270363
11 3 0.6343295489305799
14 3 0.648088025502511
6 4 0.6794703798145432
8 4 0.6329583846918769
9 4 0.5998344373908524
11 4 0.581072532299503
6 5 0.6961216149245468
11 5 0.6245554500323622
14 5 0.6649796768752323
6 9 0.5355163824507021
11 6 0.7554627875327398
6 12 0.6780077855928899
14 6 0.7334006109218394
6 15 0.5383072592435847
7 8 0.5946316315933411
8 7 0.5941960444918079
7 9 0.7998258201633317
7 10 0.5413903984610728
11 7 0.5636927812684384
7 14 0.7389091441970395
14 7 0.5841030568703216
7 15 0.6228987915799749
8 10 0.5136435778897581
8 11 0.7017150410274546
11 8 0.5862866789588005
8 12 0.5589837351662639
8 13 0.6939745488582181
14 8 0.611726094279698
8 15 0.6433991486149458
11 9 0.7217595310465926
14 9 0.5795577814719259
14 10 0.5429302647785712
11 12 0.5196190506162035
11 14 0.9467811048754369
14 11 0.6717406439663829
11 15 0.5300646040592649
14 12 0.5643899980063957
14 13 0.6690582428495638
14 15 0.5963504838740104
2
0 1 0.598643126296178
0 6 0.5067249355136216
0 8 0.5254863959389495
8 0 0.5078861600905935
0 13 0.7667042448188301
15 1 0.5963749767815076
15 2 0.5162315368862271
8 3 0.5687661972165483
8 4 0.6123410541729504
8 5 0.5531897692834982
8 6 0.742116705701508
15 6 0.6275074549292567
7 9 0.618312949191147
7 11 0.6758994852022717
8 9 0.6801124320226907
8 10 0.6054721820312432
8 12 0.5121657102945347
8 13 0.519349314130692
15 8 0.6108756557036259
14 10 0.7723426833323837
12 13 0.647158298495663
15 12 0.7078609764867043
3
0 1 0.8706417540034739
0 3 0.7094439038128513
0 4 0.5999868664978583
0 7 0.6607787851606866
14 0 0.5939761133218772
2 1 0.6705005218709057
9 1 0.6908356934376336
2 6 0.5040073436938084
2 12 0.5890165911774166
12 2 0.5297083582915949
14 2 0.6639147978618212
8 3 0.5382374736739167
8 4 0.5973093268481005
6 5 0.541403304546521
8 5 0.6328219182853514
14 5 0.5462718577422145
6 11 0.5198151903988819
6 12 0.5547881405642934
6 14 0.5102865695919452
8 7 0.5316794580802071
11 8 0.758781250567704
8 13 0.6631143070795589
11 10 0.5144713211098038
12 10 0.5263777042201698
14 10 0.5225877350501003
14 11 0.5025945838841226
14 12 0.5227217792451435
4
1 0 0.5456491402621513
3 0 0.9080167443451002
1 2 0.6530035473123073
3 1 0.5689752823903897
1 5 0.5711239013454126
1 11 0.5194025891620857
1 13 0.5137103640554808
2 3 0.6801901909764441
3 2 0.6584951455205676
5 2 0.6495252348169718
3 7 0.5604465764330775
3 13 0.516504238913781
13 3 0.7430428425962554
5 11 0.5526142168095673
5 13 0.6228691082872224
14 12 0.8226086398545445
