16
5
4.983012722808793 5.850043957803402 5.661393256417179 1.237483923757905 8.378137327954642 5.850794559086613 4.819858603610344 2.557849811450285 3.857618413467899 4.864007832186603 12.096435954610193 8.71193684219688 7.315773993380107 8.773256865874481 4.954177543184096 10.088218392210567 
0
2 12 0.559820788644033
4 14 0.59425374940337
14 7 0.5567772863761968
9 12 0.5527019146008549
10 11 0.5881876171493314
15 10 0.6152084376833953
11 12 0.5690904442842308
1
1 0 0.547384241562441
11 0 0.5072945210863091
12 0 0.5632628847669412
1 2 0.614383786807903
1 3 0.546312562602165
1 4 0.553729381795021
1 6 0.5832474072342471
1 7 0.5060539039869647
1 9 0.657282621195287
1 10 0.6312663975840493
10 1 0.5753121398459409
1 11 0.5442155357102749
1 12 0.6612607698685975
12 1 0.619021492586962
1 13 0.5513129046580443
1 14 0.6237013664977165
8 2 0.5006051808303704
10 2 0.6173456382429027
11 2 0.5584036743208304
12 2 0.7401667506246334
11 3 0.6736173054591958
10 4 0.6340076542543505
11 4 0.5973827742459437
5 9 0.7048926627741021
10 5 0.7103721119248323
11 5 0.526372830460563
12 5 0.7576463232673195
6 8 0.5232655652534959
8 6 0.9798576337862965
6 9 0.7499638098748252
9 6 0.711776892755978
6 10 0.7726400632339645
11 6 0.5961325195313028
12 6 0.522770244126583
6 13 0.8982819289663739
15 6 0.5869740358810032
8 7 0.5696285764414619
10 7 0.6923644485454936
11 7 0.6595093736914808
12 7 0.7581906825159634
10 8 0.7911353173486134
11 8 0.6685955720823517
12 8 0.5820836509437098
11 9 0.6471228650235503
12 9 0.7428669563022265
11 10 0.6993915930790022
10 12 0.5823457901406577
12 10 0.7020938459379655
10 14 0.8184071156270452
10 15 0.9095070251418949
12 11 0.5979656582271659
11 13 0.8376816698283474
11 14 0.6334283611554413
11 15 0.5232700640001464
15 11 0.5986732165490647
12 13 0.5479248249101807
12 15 0.5320842759918851
2
5 0 0.5536758275754616
8 0 0.7315039408113213
6 1 0.6866521155048291
8 1 0.5279497015958117
13 1 0.5980609940355477
14 1 0.7068370851067287
15 1 0.5170866132750478
13 2 0.5546199763537818
5 3 0.5386288049827728
8 3 0.604675796518658
11 3 0.6618593171000826
12 3 0.6240064428572627
5 4 0.658647106910188
11 4 0.5023821007446339
13 4 0.6200147292912446
5 6 0.583652625472588
6 5 0.7384458186825429
5 7 0.7463052365786242
5 8 0.6094435434153291
8 5 0.571364392346003
5 11 0.6391386084816086
13 5 0.630241652353412
5 14 0.5708138214220178
5 15 0.8314638084764527
11 6 0.539340607142363
6 12 0.7447161106880535
12 7 0.5519589202107721
8 9 0.7175496765084812
8 12 0.6369174676770409
13 8 0.5660122760461874
12 9 0.6070204819449945
11 10 0.568210788178126
13 12 0.62485067615871
12 15 0.581422561733917
13 14 0.6041113560409467
15 14 0.6789518811695883
3
6 0 0.5249278106531725
9 1 0.5538860109014709
1 11 0.5260862856792905
11 1 0.5024937224853243
14 1 0.633345055209356
2 3 0.5136425417114487
2 4 0.5351944221522855
2 5 0.6273977551697467
2 7 0.704423577259827
2 11 0.5269530480498008
2 15 0.9225787372715015
4 3 0.899004907181715
11 3 0.5528002140078077
4 7 0.5849396835221596
4 8 0.5203878869534071
4 13 0.6386888130310201
14 4 0.5105690373941016
15 4 0.5912452353111632
14 5 0.6991496128924253
6 7 0.542379667566135
15 6 0.5203186169404983
14 7 0.5225193652900404
11 8 0.8408644935442162
15 8 0.5352430534979211
9 10 0.7700661602145069
9 11 0.7776702764581491
9 12 0.6582328742841597
13 9 0.5081486422320254
11 12 0.6759466658852546
11 14 0.6900714956411564
11 15 0.805459313448097
15 13 0.5576987485960334
15 14 0.5623121942036486
4
0 3 0.5643871809605849
4 0 0.675592316438065
0 5 0.748858795940297
0 10 0.7361252837839454
10 0 0.7267445891543289
15 0 0.5664878454846534
8 1 0.7060396928729404
15 1 0.6051261355948183
13 2 0.5192941744072068
15 2 0.8959883288791655
13 3 0.537150796196874
15 3 0.5233370627209273
4 5 0.875951305607571
4 6 0.5910663929402743
4 7 0.5807294539989657
4 8 0.6640376899060703
4 11 0.6972794321837599
13 4 0.9597927712410421
14 5 0.5601550866547902
8 6 0.6089208219285651
15 9 0.6144287856865973
10 12 0.5209555469178453
10 13 0.9320262759686919
14 12 0.6951334613923894
