16
5
11.687645109793944 1.5132527098508164 8.968711016188836 6.044464096428627 6.874105366135038 1.8738680222250133 4.839550387444591 5.390899722120437 5.473537069020856 12.757913632448325 9.007707378193228 5.729102681304889 7.94370864862031 2.0944164012711743 5.35021615517145 4.450901603782438 
0
2 11 0.9285757893317297
9 12 0.755614020904265
1
0 1 0.5404392655448043
0 2 0.6010205259905613
0 4 0.9421497063760671
4 0 0.6340547935368257
0 5 0.6540213283589529
0 6 0.6026347873373832
0 7 0.6402108783358417
7 0 0.5748214714066082
0 8 0.6159258466914548
0 9 0.6492871738816697
0 10 0.7397736499730956
0 11 0.5782105505754083
0 12 0.7453476544163542
12 0 0.6200625175306024
0 13 0.7819704632390723
0 14 0.6192069058412247
0 15 0.5421976483286846
15 0 0.5364228735858038
1 3 0.5283777046779481
3 1 0.5906320530224037
4 1 0.6908476892666174
7 1 0.575833784149749
1 10 0.7677931955875106
13 1 0.523212779597634
15 1 0.5247221789231458
3 2 0.59034091012159
4 2 0.8981226180261614
7 2 0.728174401564981
2 10 0.7413249819505601
2 13 0.6451099812993464
13 2 0.5149809530592917
2 15 0.538210428723813
15 2 0.5672228336362938
4 3 0.62110342887706
3 5 0.5573001703707057
6 3 0.5951642850225936
7 3 0.6107159476787795
3 9 0.5515148339794811
3 13 0.5722501036604806
13 3 0.5561547262269768
3 14 0.6017005908201178
15 3 0.5241353401189064
4 5 0.638584287507224
4 6 0.5446497849786038
4 7 0.5793043066385806
7 4 0.6591576048587592
4 8 0.6750075499385471
4 9 0.6456100535140314
4 10 0.5589375348310446
4 11 0.5364441182405723
4 12 0.7610269582875568
4 13 0.7207127370202562
4 14 0.5762735492172367
4 15 0.5413883151174207
15 4 0.573270127510491
7 5 0.541110298768132
15 5 0.8033474036595457
7 6 0.6217718335467324
12 6 0.8757233929071857
7 8 0.691928948323068
7 9 0.6088038848939552
7 10 0.6760136156157404
7 11 0.5931617854793466
7 12 0.5774169969833525
7 13 0.7216205723164949
7 14 0.5349029210516362
7 15 0.6269522713196444
15 7 0.5951794477787582
9 8 0.5260693445687636
15 8 0.6160176244694155
9 14 0.5398386277216258
14 9 0.8897674005582703
15 9 0.5317391240336725
12 10 0.8326210055779077
14 10 0.7139195664202624
15 10 0.5354948991649443
15 11 0.7521420505107719
12 13 0.5149313038979813
12 15 0.7031359059948163
13 14 0.5512766132596327
13 15 0.6017901704375509
15 14 0.5653574145690167
2
0 2 0.5442385148061757
5 0 0.7118763858912303
12 0 0.6627031336765556
9 1 0.6136812323088191
10 1 0.5205465658445837
3 2 0.7528485057852368
9 2 0.5727193669986894
10 2 0.7125118735400047
3 4 0.5952547352659061
3 7 0.6112309550990458
3 8 0.5001133785240452
3 9 0.5424647459120195
3 12 0.775712197640297
3 13 0.6342508155095573
3 15 0.7273205883049418
4 9 0.8205504020132568
9 4 0.6255302938516378
10 4 0.5545869625572906
11 4 0.5124924432031615
12 4 0.5123469697554104
5 8 0.692338167419815
9 5 0.9176237735774921
6 7 0.6638965974639852
9 6 0.8088597623317599
12 6 0.6506820573670102
11 7 0.5408632310641384
12 7 0.5604346409450409
10 8 0.6706321333425759
14 8 0.5020672805862851
9 10 0.53613999526469
10 9 0.535742594378505
9 13 0.5843950598464109
9 15 0.6374848587001638
10 11 0.5617594118382987
10 12 0.6024342207362148
10 13 0.7122792209596074
12 11 0.5750293732177979
11 13 0.6445193646878001
11 15 0.5582078026692485
12 13 0.5955174573345345
12 15 0.6774974870517602
3
0 2 0.8988142121269846
0 8 0.607375151538692
10 0 0.6835086627081801
0 12 0.5566052151561394
14 0 0.6380343022715159
3 1 0.6880812137679229
8 1 0.5753352554388347
4 2 0.6067048011193323
2 10 0.6740847029406523
3 7 0.6343488424820736
14 3 0.5192104323891646
3 15 0.5389733650581463
14 5 0.7583792716731645
14 6 0.5049407627434921
14 7 0.5020301421271666
8 10 0.6814757717263946
8 14 0.9887384311686778
9 10 0.603761986685083
14 10 0.5938042468108542
12 11 0.5399850089554512
14 11 0.6694627259982564
14 13 0.9277294224760833
15 13 0.5179018448893362
14 15 0.6707695980343578
4
6 0 0.5174863166204646
0 7 0.6922326579298828
0 11 0.5865150970656903
0 15 0.7076566448015569
6 1 0.879844375393723
10 2 0.9964843008872915
3 9 0.5095339162736632
10 3 0.6409692135029017
3 13 0.5546677105815199
3 14 0.9091433589491129
6 4 0.6911084484769907
5 13 0.5037085611749572
7 12 0.5000163036976131
7 13 0.5487437383858751
10 8 0.5889440064237959
11 8 0.6120149328284066
10 11 0.5716368207110951
