16
5
3.0481345031187836 4.309523883972626 2.282352859374888 7.804151851219426 3.760103590691309 7.9102017240565745 10.113957756585942 2.051150166537046 17.157431848456984 1.9024202090167837 3.1119334556528946 4.764668336921067 5.114782873082452 13.44527171780606 1.958633913554698 11.265281309952458 
0
5 1 0.5270576484188365
5 2 0.7558364987933157
5 11 0.5466556665546123
5 12 0.7075330125580404
13 5 0.6113613712648684
13 15 0.5385212195511258
1
15 0 0.8191065143893189
1 2 0.6880343538732032
1 3 0.5014982183744141
8 1 0.752398981479014
1 11 0.578559414969454
15 1 0.5902577044321885
4 2 0.584405446107775
8 2 0.6422498205627412
15 2 0.5505543442577405
3 4 0.7598087094001258
3 5 0.5015375530480144
5 3 0.8512753581759589
8 3 0.5324319681234246
3 14 0.537982962506468
15 3 0.5944568431335695
4 7 0.5659351417942915
8 4 0.5445456072343673
4 12 0.6226430197156941
15 4 0.5619604006564702
5 9 0.5782739599335169
15 5 0.6165627155067857
8 6 0.5386983222345567
14 6 0.5617442057592412
15 6 0.6547828827722115
15 7 0.5523689717645965
8 9 0.953152340678296
8 10 0.6612523368578973
8 11 0.7623255943480468
8 13 0.5721792319737238
15 8 0.736225777379861
15 9 0.7650755934833069
15 10 0.5693871155724813
15 11 0.6895001676646733
15 12 0.6305020397160179
15 13 0.5325490509903072
15 14 0.6487290872581787
2
4 0 0.5634432514971532
0 5 0.7209642849288158
0 6 0.6922556353953484
7 0 0.5961963560555559
0 8 0.5420482312267116
8 0 0.8243697274430744
0 10 0.7016192380009038
0 11 0.6906122373313957
11 0 0.6060100954515764
0 12 0.518474252762201
12 0 0.5356534919879617
13 0 0.6262094120389666
0 14 0.8011672583091967
15 0 0.6847474497024374
1 3 0.6143789347879463
1 4 0.5833080893140739
1 6 0.9603785529745361
1 9 0.5185957088175093
1 12 0.5503781996638801
12 1 0.6428008967420344
1 13 0.5688948167484025
13 1 0.7301695805298625
5 2 0.5568929833771903
12 2 0.5533150436633709
15 2 0.539861303097583
4 3 0.5209151039511206
3 5 0.669930766106603
3 6 0.5091011392575238
3 8 0.5307900754499193
8 3 0.5988151965647901
13 3 0.6167507032989679
3 14 0.5668685767945532
15 3 0.5951702470132965
4 5 0.6152742518494851
4 6 0.7415834073393572
4 11 0.8626351023480194
13 4 0.7052038109321712
4 14 0.8985376471817723
4 15 0.6484616686767779
15 4 0.6398770584151418
5 11 0.5016791647466543
5 12 0.652877045226772
12 5 0.6594867443352057
13 5 0.5605471240209396
15 5 0.686985839713936
8 6 0.6036568136485502
12 6 0.6825431374689956
12 7 0.5350544341009469
13 7 0.7764486493574143
8 12 0.5756248726509383
8 13 0.6191304879528449
13 8 0.5401439756784727
8 15 0.7002933973357706
15 8 0.5626441689079023
9 10 0.9494765307025403
12 9 0.5209350026563142
13 9 0.5396984331658785
15 9 0.5212327317893419
12 13 0.5547678219284955
13 12 0.9295309416163431
12 14 0.5029763204339348
13 14 0.5746152144756986
13 15 0.6795477193063906
15 13 0.96302118072992
15 14 0.5810973598364388
3
0 2 0.5517329776062905
0 3 0.5503665137684846
0 4 0.6119009502565915
8 0 0.5834941526838409
3 9 0.5468581908839483
3 10 0.6346961884309699
3 11 0.6887940261895382
3 12 0.8979162237317084
12 3 0.570995128287118
3 14 0.5697913107153139
3 15 0.8939133259525549
7 4 0.5144054506776718
12 5 0.696780289646652
6 8 0.5832563758386605
8 6 0.6073123061116317
6 13 0.6780236957353305
8 11 0.5134276546291048
8 12 0.6123226031902633
10 12 0.502184453936436
10 13 0.6440654197134876
13 10 0.5085302053887213
11 14 0.6939532980332146
4
3 4 0.6762824489359462
3 6 0.6819237966623715
8 3 0.8191285260797609
11 3 0.6001719946017452
8 4 0.8872707913604916
6 7 0.7157794851126598
6 9 0.6539849359965326
6 14 0.7348181871172086
8 11 0.6845242864205505
8 13 0.745497922449319
10 11 0.6064392474353204
