16
5
10.658532700924118 10.248265429270429 5.710397491340229 3.120785828120266 2.0901845540582444 10.602273550467498 2.427073815569565 15.150415412697232 4.703918773984237 6.505689950516991 11.60431670320892 1.9653139586745993 1.5893026132118924 6.085258340900969 4.200082810779072 3.3381880662757153 
0
0 2 0.7737938219945251
5 10 0.6180373533974399
1
6 0 0.9663818549585941
7 0 0.6464546219971838
10 0 0.5536720145857047
15 0 0.8763813566761725
7 1 0.6769891430232386
13 1 0.5049881533649623
15 1 0.6701249643876543
7 2 0.7016211450360865
9 2 0.7895529791240345
10 2 0.5094014690890925
14 2 0.539607301516821
15 2 0.5802443335192835
3 6 0.6620081059596179
7 3 0.5496054053078823
13 3 0.5545379702797599
10 4 0.5747267755720363
15 4 0.5923098885903331
7 5 0.5868734894377329
5 9 0.8924214878437327
10 5 0.5100241241594663
14 5 0.9265254546441758
7 6 0.58859915225473
8 6 0.7048460930171649
15 6 0.6435292255524951
7 8 0.565209328954186
7 9 0.5272769400977835
9 7 0.6094428068917597
7 10 0.7344781419528329
7 11 0.5606133080615385
7 13 0.7093681482541159
7 14 0.5742394543433444
9 8 0.9375813308431631
12 8 0.5000664437139459
10 11 0.6289474467802095
10 12 0.598913893422629
10 13 0.5461339948295718
13 10 0.5118760720461222
10 15 0.5673979120662125
13 11 0.6741068574662734
13 12 0.5171404122990322
14 13 0.7915042653418518
13 15 0.6152891548415002
14 15 0.7746060410318357
2
1 0 0.6626737136122383
3 0 0.5156415348876398
4 0 0.5545785051535208
7 0 0.8148454378448173
0 9 0.6617767546312323
1 2 0.5266455258035863
1 5 0.6179994270991187
1 6 0.874540126565637
7 1 0.9484337792407689
1 8 0.5975586928649477
1 9 0.5407776973094801
1 12 0.7124736686727605
1 13 0.5381107755110048
13 1 0.7215102741193635
1 14 0.5186924526900183
3 2 0.6093225916794105
12 2 0.5836209158288574
3 5 0.7167750862627138
7 3 0.5995721006425261
3 9 0.5898972189845764
3 11 0.577930110434845
3 13 0.6332870580913776
15 3 0.511966607812242
7 4 0.5658045392442317
5 13 0.5077609145532844
6 13 0.5071996736414706
7 8 0.5962438465343946
7 13 0.6913361122296589
7 15 0.5183518920973288
8 13 0.5527340095415656
15 11 0.678696057196893
15 13 0.5916989162240289
3
0 4 0.5261376208716102
8 0 0.5284540647686264
0 10 0.7119524353925308
0 11 0.5597810837761255
0 12 0.6222186301568668
1 2 0.6296277322633486
1 11 0.5892541125917015
13 1 0.5500418308149149
1 14 0.517513309094948
7 2 0.7769248736272925
14 6 0.633387928324413
7 9 0.9368417324979255
7 15 0.5087001614596955
9 15 0.7328255093701406
4
1 0 0.5675322197328218
1 3 0.5101697973826251
1 4 0.8541560485833455
1 5 0.5914143075994995
1 6 0.584603560993795
1 7 0.8121039989277505
10 1 0.5072858071422481
1 11 0.5577092711551364
1 14 0.726816453509276
1 15 0.5528375782209276
7 2 0.5116043258019884
2 14 0.6789463748597524
6 3 0.5280555740829229
7 3 0.7310077975025295
3 8 0.6986130536726642
10 3 0.6166344325339539
10 5 0.7571826290340629
7 6 0.5047383272892189
8 6 0.5470809162354742
10 6 0.6591231289471764
7 11 0.5698975877200152
7 15 0.6012592750614925
10 11 0.5982379780786125
10 13 0.7450197568252719
10 15 0.913386191131458
