16
5
8.06221984648605 9.674881931589407 4.570258227606848 6.746419388706673 10.405498136781038 6.461876038367504 7.688767371720417 9.196545748226082 1.9308979092461354 4.307746096239936 3.4430887051290133 1.3539630900300834 7.019957280024076 8.820788224101962 2.849078090815188 7.468013914929585 
0
0 7 0.5456641301509668
13 0 0.6939449922874443
13 1 0.6109239634396331
2 13 0.560727931422023
5 3 0.5570167981866949
4 7 0.9341014726649046
4 13 0.5009881903935294
5 7 0.567046949169751
7 5 0.7408503216055189
13 5 0.5066503493639702
6 7 0.5482775122923209
13 7 0.5941368185224161
1
1 0 0.5583859645815843
0 4 0.5285171137658664
0 9 0.8065044435327946
12 0 0.7369929224148739
0 13 0.5293391483442185
15 0 0.682847987653386
1 2 0.8504970658312379
1 3 0.6377175522725065
1 4 0.5538496766130925
1 5 0.6588245117973712
1 6 0.5068807228838772
1 7 0.5892324511522262
7 1 0.6458517773566137
1 8 0.6339511090612534
1 9 0.6819028432089371
9 1 0.6731777322054948
1 10 0.5887557224331605
1 11 0.7820550090564284
1 12 0.6112312923178623
1 13 0.5632975029233963
1 14 0.5194889090451971
1 15 0.6283628445815153
15 1 0.8030647510006897
2 10 0.5011128907034905
12 2 0.5423852644293223
13 2 0.5849615907643413
7 3 0.5660360934999167
12 3 0.5062225779449634
15 3 0.6301992761268261
4 5 0.5509924202881706
13 4 0.5354936668604897
15 4 0.5799737774672041
9 5 0.5708136427857201
15 5 0.5693516243338657
7 6 0.6779369423715329
9 6 0.5501020784284024
15 6 0.5839557455026013
7 9 0.661595261866235
7 11 0.5277007122147921
7 15 0.9387016861548774
11 8 0.5639731283351888
15 8 0.714063228883331
9 10 0.7719556521365825
9 12 0.5621076218745678
9 13 0.7037242615466067
11 10 0.94975955595734
15 10 0.503589229639076
12 11 0.5147835558748715
13 11 0.8948053645529066
11 14 0.7265940990464239
15 11 0.6544882443475278
15 14 0.5777207910529056
2
0 1 0.5572526666564129
0 6 0.508766183124659
0 9 0.6424646131430383
0 11 0.6086531416615598
6 1 0.5481218418460401
13 1 0.535997072391317
6 2 0.6622527804540257
3 5 0.65010256216951
6 3 0.5841648810907496
3 7 0.6178278976647578
13 3 0.6355683507249301
6 4 0.5487805718454759
13 4 0.5042126417546824
5 8 0.5876024759663936
5 14 0.682206539882694
15 5 0.7302939957141956
6 7 0.6467917486694447
6 9 0.6598169417751913
6 10 0.6925230651863723
6 12 0.5992929008399558
6 14 0.5424086038630065
6 15 0.5400664705632039
13 7 0.9009745973996586
13 8 0.6665134163996842
8 14 0.9267868604419338
15 8 0.5956592857582315
13 9 0.7549128061023516
13 10 0.6623622518932685
12 11 0.5028845605738315
14 11 0.5853268063087285
13 12 0.6766939068549799
15 12 0.5162080031124625
13 14 0.8328923291962149
14 13 0.598752840091598
13 15 0.6590817790094965
15 13 0.6755238996069803
15 14 0.6391347482204943
3
1 0 0.8401485901948749
3 0 0.5232632452419963
4 0 0.5402693341196061
7 0 0.6480159259525995
10 0 0.8152390617418266
0 15 0.5091736157841953
4 1 0.5386334000476194
5 1 0.7300766791820972
7 1 0.6747788384656457
10 1 0.5699471141503285
3 2 0.9429444210755449
6 2 0.6494232504490653
3 5 0.8750645807501327
6 3 0.5191459332353437
10 3 0.8354820327779489
5 4 0.6390028471214564
9 4 0.5234195345777981
4 10 0.500829110967935
4 12 0.5969104889430732
4 14 0.6121072788236126
5 10 0.5325515292209415
5 12 0.6628412227838019
12 5 0.5065114501168351
6 11 0.5090921084101283
6 12 0.5468248939916445
12 6 0.5162452145740333
7 10 0.6314281691094852
7 11 0.7396035035979642
7 12 0.621442711641597
10 9 0.5049326995920853
9 11 0.5954634438388204
12 13 0.7263328577223069
12 15 0.5474784976940437
4
4 0 0.5700011996953673
0 5 0.5700940439288007
0 6 0.5139982112464474
0 8 0.6211367263485834
0 11 0.5394192978605086
0 14 0.8021208471175618
1 2 0.6188792569470805
1 5 0.6254637715799585
6 1 0.5048488865717096
1 7 0.6229032314091896
1 8 0.8583479454907872
1 9 0.555413040587823
15 1 0.6129789721977812
2 8 0.5028828271219403
12 2 0.5362171459341107
2 15 0.6703149926012679
3 4 0.6160759977176637
3 15 0.7969687916454689
4 12 0.8909591837852546
12 4 0.5217407792491302
4 15 0.5161667355388595
7 5 0.5327634579332945
15 5 0.6149547194211147
6 7 0.6315996590331321
6 13 0.8246052586465589
6 14 0.5014808669536801
8 10 0.5137958984719908
8 11 0.6116768782335755
8 14 0.6254407490347411
14 8 0.6541197281570088
8 15 0.5215608040373032
15 8 0.6473195414536154
12 11 0.5727855521375054
12 13 0.7661599704516056
12 15 0.5887872207989848
13 14 0.5358561415854981
15 14 0.6104916323665253
