16
5
6.0487447506516245 9.058141919317261 6.49907180667997 3.579444634826828 3.3766919543629967 1.8132270939274044 9.906202811204027 3.9185040425318163 6.973545326745038 11.682658340240547 1.8094354006869935 6.193451126854752 10.468993378814204 9.870452583724736 5.568665511716303 3.2327693177155132 
0
13 0 0.5419023125213465
1 11 0.7762400054792433
1 12 0.6681007845258433
12 2 0.8005584214498078
15 4 0.5546423676206562
13 14 0.501156687675594
13 15 0.5427630437229327
14 15 0.575099545167266
1
2 0 0.5284018995980271
9 0 0.5718770714702659
11 0 0.7026522059787697
12 0 0.5532959264856628
14 0 0.6212574368504076
2 1 0.526537379492124
9 1 0.5417107533025232
11 1 0.614203912511176
2 3 0.5578532790178049
3 2 0.6891923899319945
2 4 0.5886537845278125
2 5 0.6948625446353801
2 6 0.8003706038220529
2 7 0.6155113634859726
7 2 0.5540598004204755
2 8 0.5235312969060304
2 9 0.6041487068973708
9 2 0.5909178106939806
2 10 0.6180804790878793
2 11 0.6438395523464477
11 2 0.8880973701246953
12 2 0.5483980991113315
2 13 0.6888095886319192
2 15 0.5618799921604918
3 4 0.544696661449513
3 5 0.7414777861240339
3 6 0.5875610818318053
3 7 0.590493275393599
3 9 0.5663416083271522
3 10 0.505086057341509
3 11 0.8651931060385951
12 3 0.6156445956193116
9 4 0.5070939951689424
12 4 0.6795706743689147
14 4 0.6928087506846682
7 5 0.7914396053679347
12 5 0.6987061999011341
12 6 0.729146974999362
7 11 0.5745777863755391
7 12 0.5220028431418464
12 7 0.6389638769956837
7 14 0.638823329847456
7 15 0.7923552783599801
12 8 0.6238918276135901
14 8 0.8235974553253302
9 10 0.766104561771137
9 12 0.5469119342130477
12 9 0.6608520007439194
9 13 0.760505834228171
9 14 0.5110956732438117
10 11 0.5802293453234155
12 10 0.5905895569445053
10 13 0.562811105798769
15 10 0.5544489682981701
12 11 0.567683112126642
11 14 0.5149260853184643
14 12 0.7466712717727528
14 13 0.5445830072626785
2
0 2 0.7164636612857629
0 3 0.7279253184861783
0 4 0.6254866081922292
0 5 0.5386834805960609
6 0 0.5574507338438233
0 8 0.6811308383920767
0 10 0.5456756981974542
0 11 0.6032510952635814
0 14 0.6590983398707655
6 1 0.7512860963859584
2 4 0.6470161433803385
2 5 0.8509603727088673
2 7 0.513154243988408
2 12 0.5257753291388882
4 3 0.5019249366980021
8 3 0.5519473851665215
14 4 0.5204694523787465
5 13 0.7758293606427109
6 7 0.5060591864266095
6 9 0.5892602473056153
6 10 0.6095493215772247
6 13 0.5689860585601334
14 12 0.5037051318223686
3
1 7 0.645905029489444
6 4 0.5429193202094997
9 4 0.5825594348850243
9 5 0.5431188809805514
8 6 0.5975501745527869
6 9 0.6116293501722692
6 14 0.5578251596515991
12 7 0.6687094107944274
9 8 0.5056647331893493
8 13 0.8046176022873088
8 15 0.588565403528875
9 10 0.5479753061592962
11 9 0.6164996013021609
4
1 3 0.6498495858739923
1 5 0.5221023521401573
1 6 0.6834877105727379
9 1 0.7113413896703478
1 11 0.6370899306337625
1 12 0.6998131361309922
13 2 0.5890028800422864
3 15 0.5536280593920058
4 6 0.6256736583966824
4 7 0.5063234741951563
4 11 0.5429052221367818
12 4 0.5353962698528594
4 14 0.685047114138676
9 5 0.5286737749897548
12 5 0.8577962858356434
8 6 0.5241532211666058
13 6 0.5751864866625058
9 7 0.5780947383041812
8 13 0.7104500774295308
13 9 0.6026079900651693
9 15 0.6073719024559507
12 10 0.6096835532459013
12 11 0.8088815360043675
12 13 0.7103804292703265
12 15 0.5333582593939412
