16
5
6.65122472612083 4.2477199077077445 4.357259427355622 11.32040506694809 10.946351510888826 2.756501191354082 2.2165630800376377 4.592882235598131 2.3509310504779233 1.2739729751329865 6.451370430934749 13.084711140800446 11.368041302875135 6.649656955161308 7.57772509228584 4.154683906320649 
0
1 4 0.6323041577888362
2 13 0.5388996659798027
11 5 0.514809457957752
14 12 0.9404185686875937
1
3 0 0.528080227236577
4 0 0.7639998175483292
0 6 0.8795679302833992
0 8 0.861044198581782
0 9 0.5917267328978164
9 0 0.5504279144002564
0 10 0.5060997507387657
11 0 0.5103599966579315
0 15 0.7141514337287653
4 1 0.6544508849689615
11 1 0.782216822911003
4 2 0.534092065461854
11 2 0.5610339269882779
4 3 0.6128779652371095
3 6 0.5231017223685703
3 10 0.5713627969804742
11 3 0.6426345851453452
3 14 0.711845590317143
3 15 0.6481237969103251
4 5 0.5972348525134001
4 6 0.7294186209420409
4 7 0.9096162469084907
4 8 0.6317106020114818
4 9 0.6265628160743578
4 10 0.6309769397108478
4 11 0.6024740537802163
11 4 0.553781031049024
4 12 0.704167148406954
4 13 0.5280775298894748
4 14 0.5764570013042887
11 7 0.5142720780943435
11 8 0.735320865094189
8 13 0.5905305710215283
11 10 0.6038890749074162
11 12 0.5106430960263368
11 13 0.5961430306728912
11 14 0.7585809050565637
11 15 0.6358888348997801
2
3 0 0.5808718665797584
8 0 0.5144458959918772
12 0 0.7160759307149412
8 1 0.5083440988572152
10 1 0.5127719945761042
12 1 0.6572939174724586
15 1 0.5328227651739215
3 2 0.5620128331680574
2 5 0.60702457236578
12 2 0.7039844211147682
13 2 0.5034113210348972
2 14 0.6196683342949398
3 5 0.6855096108083378
3 7 0.8532862095235707
3 8 0.5272766803354787
3 10 0.7096090419055937
10 3 0.5517751211303428
3 11 0.8300815741364544
3 12 0.5510007382571949
3 13 0.8165119308394133
13 3 0.7735242022847597
3 15 0.578625673973009
7 4 0.7004327611525842
12 4 0.6975407283963053
10 5 0.507140064316185
10 7 0.6162979703598412
12 7 0.5578291255105312
8 9 0.596941772093003
9 8 0.5210339313752348
8 11 0.5896650467419703
12 8 0.6084838869691286
13 8 0.6972775913339628
10 9 0.6472164702859083
12 9 0.606638250124159
12 10 0.7570441082567018
12 11 0.5919388157664427
11 15 0.925618321007807
12 13 0.669988780802339
12 15 0.7121047536328077
13 14 0.6403944191015067
15 14 0.7580511561742624
3
0 1 0.6750672042088866
0 2 0.6171391517528986
0 3 0.508848401173732
0 5 0.7680660603696778
6 0 0.8271879278256014
7 0 0.6279231431607395
8 0 0.7116338254775876
0 10 0.5449351695535831
0 13 0.5017333152220977
0 15 0.5581757240352312
7 1 0.6691911249203922
8 2 0.5049360953151381
13 2 0.5916343759179332
6 3 0.6232733198587539
6 4 0.52013583671746
8 4 0.6574652668498548
15 4 0.5664562864288991
7 5 0.8090904242030377
15 5 0.5381842318519138
7 6 0.6715914742043005
6 11 0.9131227545634049
15 6 0.5294418469123972
7 10 0.6626121903922946
7 12 0.7941335906717826
7 13 0.5983714028881693
14 7 0.5562087278889414
7 15 0.7674282501653116
10 8 0.5470984960531595
8 13 0.5068565661633462
11 10 0.547672729373557
15 11 0.5986216056957792
4
0 1 0.5811306115019783
0 3 0.5059637818416249
0 7 0.5824026491345737
0 12 0.8524018287945871
12 0 0.6809439209997177
8 1 0.5155744105409985
12 2 0.6130735535334022
13 2 0.5344452226273875
3 9 0.587407312588937
10 3 0.5597398391509494
3 12 0.5298811422227554
3 13 0.7348409459810474
3 15 0.6894325673569288
9 4 0.6461505358163047
12 4 0.740432716980739
15 4 0.607991016946277
12 5 0.5008387416378983
15 6 0.527035738149626
12 7 0.7694920499261642
9 11 0.7151296608480826
11 9 0.6523790558218785
12 10 0.5314488199344976
15 12 0.629695070210482
13 14 0.5107142997953693
15 13 0.5354813048253477
15 14 0.5486073811862284
