16
5
1.18146875383853 6.889779686515199 1.7459016487428336 3.5932891931210036 13.711145178969804 3.600893461311434 13.729933401483374 2.2079033144075915 5.956764996949131 1.2709229865059257 9.154972277717649 1.5626638055262272 13.497261296955804 4.302490130709546 10.836750377319017 6.757859489926955 
0
13 1 0.5271329964145572
15 1 0.596003015850169
3 2 0.5692290839306235
4 3 0.5564449313365194
3 7 0.8422707616947929
6 4 0.5192960766205075
4 13 0.5038282462063477
6 8 0.5481196322962132
15 12 0.7804226832600492
13 15 0.5309112783294183
1
4 0 0.6447928992687411
6 0 0.9560875936988833
14 0 0.6031898517933503
4 1 0.58127413071392
14 1 0.5531401578782114
4 3 0.7824768457955233
4 10 0.5428867677213047
4 14 0.5363567599590553
14 4 0.5086474770185474
6 5 0.5614210835329088
5 13 0.7420018463171218
6 7 0.6304012618020257
6 9 0.6153784115845824
6 11 0.5390047456071707
11 7 0.6339004234357732
14 12 0.5716579283516243
2
6 0 0.530346698091071
12 0 0.5075420403764648
14 0 0.5986815756281043
6 1 0.5243648448116913
10 1 0.6860488297433106
12 1 0.5709181038214396
4 2 0.9769334000456986
6 2 0.7121054418251296
7 2 0.6452877811749285
12 2 0.9411947480872076
13 2 0.503324785525405
6 3 0.553155029146154
7 3 0.507075321277459
14 3 0.5059130120954791
4 5 0.6641481863193979
5 4 0.53320840901827
6 4 0.7737236744501623
4 10 0.5156834192353472
10 4 0.516232769454785
12 5 0.6407759910544784
6 7 0.6064376106288938
6 10 0.5128053183031923
6 12 0.7028086877763706
12 6 0.5381999963093251
6 13 0.6044387565683096
14 6 0.6111584421739933
6 15 0.6860228434666413
12 7 0.5149607462214256
14 7 0.7096137580447299
7 15 0.8216137616276404
12 8 0.522324889220499
14 8 0.662093940118565
10 11 0.5959531769424169
12 10 0.9300190325895348
13 10 0.5941438747994547
10 14 0.8183282350144525
12 11 0.5172854537420692
14 11 0.6967848110233135
12 13 0.6243078415436438
12 14 0.5098626629826077
12 15 0.6025781311244683
3
1 0 0.5448252794850388
3 0 0.5973092393900856
11 0 0.9296114023547666
1 2 0.9937276390391636
1 8 0.5333773464174663
1 9 0.6015067892563688
10 1 0.6813166932996646
1 11 0.5321154750624213
2 8 0.6447948273059902
10 2 0.564602167893389
3 4 0.7674089008825229
10 3 0.8053984183295784
3 13 0.6253091976686509
13 3 0.6156951494214724
10 4 0.8712371187791781
12 4 0.6722269628728172
10 5 0.6022233519194247
5 12 0.5645396173393384
5 13 0.7503102042448861
15 6 0.7293889704095682
10 7 0.5685192331538717
15 7 0.563622520946613
10 8 0.7055421287650452
15 8 0.8772443130242993
12 9 0.5195235690853535
10 12 0.709637896524205
12 10 0.5557823569091227
10 13 0.8426154249911748
10 15 0.6387593327550902
12 11 0.6827590986438044
12 15 0.593121339778746
15 12 0.6740058610746503
14 13 0.5051540622661306
4
12 0 0.5304215394110379
1 2 0.5268363789018018
1 8 0.520372343355749
8 1 0.5045312697704372
2 13 0.6647049703962318
3 6 0.8698880955391868
10 3 0.5074354435951491
15 3 0.5962617934280634
4 10 0.654331158553114
15 4 0.5647662847498818
5 13 0.5431717385655248
5 14 0.8463304391808082
15 6 0.633262221054542
8 7 0.5137509271461216
9 7 0.5445057923392802
11 7 0.5152594067972139
7 13 0.6336439922080981
9 14 0.8073212192312966
15 9 0.5131284264190654
15 14 0.599752068613325
