16
5
6.626560266343186 6.561143075817448 11.535258738214196 3.0923861895071902 2.795845923973572 4.738567830050874 6.993627582074085 1.8125981700003517 4.2765943277231155 5.593812538399101 3.312309484796873 12.780949348651868 9.687517801354215 14.003329137921806 3.633969448424807 2.5555301367472945 
0
6 0 0.6279302901318684
11 0 0.5086210217209445
0 12 0.6095525672855477
11 1 0.566551393567335
13 3 0.5767810275982661
11 4 0.5462929279789808
14 5 0.5099339530923002
12 9 0.5199123258255334
11 13 0.5040307913921214
13 11 0.5013617998271458
1
0 1 0.5446863500170548
1 0 0.8503431019161796
0 2 0.7528011677159245
2 0 0.5588066733868939
0 3 0.517461543070945
0 4 0.6505853193429639
0 5 0.637114192446996
5 0 0.7503910228674981
0 6 0.6626675969702005
0 7 0.7107475769869127
0 8 0.6286227344501917
0 9 0.6825070628870684
10 0 0.6007474274513194
0 11 0.6039746047253455
12 0 0.7634384299654668
0 13 0.7235344869570095
0 14 0.5682320470902775
0 15 0.5969485357047437
2 1 0.7539533599007633
4 1 0.5264353917695959
1 8 0.5403723966705909
12 1 0.9041374904271082
1 15 0.5799310540446783
2 4 0.5313392107566499
2 5 0.5944036380017192
5 2 0.616631346941191
2 7 0.5880517199313645
2 10 0.6685928414749163
10 2 0.6851163299158303
2 12 0.5256078358588956
12 2 0.6456168561637439
2 13 0.5506448675772735
2 14 0.5713485103131197
4 3 0.6898231569316613
5 3 0.6264142323999496
3 10 0.850747809909032
10 3 0.5919364833821723
5 4 0.6217717663876623
4 7 0.7101781046619309
8 4 0.5377935910631324
4 9 0.8426867698197784
10 4 0.5383578006535037
12 4 0.5773063142424082
5 7 0.5558598240929886
5 8 0.6482345320696483
8 5 0.713055457773625
5 9 0.6447284907844817
5 10 0.5245324114145776
10 5 0.5411257718454932
5 11 0.5855040290923665
12 5 0.5773785701808114
5 13 0.6061214134531274
5 14 0.6854188292836987
5 15 0.7054201369289981
8 6 0.733743053259039
10 6 0.5691341578336648
12 6 0.5407703769007459
12 7 0.6634525061526739
10 8 0.7034327960893487
8 11 0.7512315055687835
12 8 0.6589166761076555
14 8 0.7782445226488586
10 9 0.5704113612250964
12 9 0.6200898962448352
10 11 0.5407065363064107
10 14 0.555614193491037
14 10 0.6767734771457765
10 15 0.6239816005657518
15 10 0.5211394470262132
12 13 0.5575688619823864
12 14 0.6450325109219304
2
2 0 0.6727571548946858
6 0 0.6332981675605598
9 0 0.7618638524849004
2 1 0.6676724600651848
1 5 0.6253030705046407
8 1 0.5126077519745948
14 1 0.5291646876480831
15 1 0.6473801263882089
2 3 0.5749007616521807
2 4 0.6545920277348857
2 6 0.5514944056472091
2 7 0.6426057682953678
2 8 0.5637976190217091
2 10 0.5242229565815746
2 11 0.5220992106252244
11 2 0.6210207243299617
2 12 0.5341073537623048
12 2 0.5298396990461938
2 13 0.51516860552548
2 14 0.5796526003419897
2 15 0.6990931349072056
4 3 0.9659407664786464
5 3 0.692138097214444
6 3 0.9128935667224838
9 3 0.8009042323008251
6 5 0.5893460208837171
5 7 0.7138889077257533
8 5 0.9370148558203537
6 7 0.590947988979698
6 8 0.5750348842018356
8 6 0.769873511747615
9 6 0.6450484418970279
6 10 0.7473996768363096
6 13 0.547622784200501
9 7 0.6178539745861776
8 9 0.5482750439853361
8 12 0.5013193077874949
8 14 0.5106709807719478
9 10 0.5771581602165157
9 14 0.5569983261594007
14 9 0.7524704867766039
15 9 0.5121699898310814
13 11 0.6293637040092432
15 11 0.7431997572706053
14 12 0.5823309094092188
14 15 0.8768130362166113
15 14 0.5227274138530607
3
0 6 0.8906648036730729
1 2 0.599243827417935
1 3 0.515603715682333
6 1 0.5666168331364878
1 7 0.5198173547418663
9 1 0.5522951878998761
1 13 0.5284095346043489
1 15 0.6592187249357471
4 2 0.5125356688804972
2 9 0.5736674693419783
2 12 0.5080489851053165
3 6 0.5746891350536447
6 3 0.6361452602973194
9 3 0.7287820229627677
7 4 0.5297939422560367
10 4 0.621135795969304
6 9 0.74590799901463
9 6 0.5621761220791124
11 6 0.6840034095411693
7 9 0.7669526122883321
7 10 0.6723436231376267
13 8 0.5356123633707275
11 9 0.5721909656197512
11 10 0.7129823153419188
11 12 0.6452339579534223
13 11 0.7497662581993081
11 15 0.5014329441432765
4
0 8 0.6065548566650705
13 0 0.5388427386672867
12 1 0.5202857740628275
2 4 0.5082036025813714
2 11 0.6857897386256837
13 3 0.5480452476541235
5 9 0.9858426256253818
12 5 0.5393572823331023
6 11 0.9193563487405825
12 6 0.6059884711010921
13 6 0.5190413533896945
12 9 0.5184610614641143
12 11 0.5183277085278228
