50
5
4.429202293805949 13.206213745459635 10.494463157327084 13.318845269354574 7.778995985826706 12.706099863388335 5.468293803869521 4.5797196171606815 7.047265787954478 7.753703777007071 21.598791848042673 12.251961977380038 7.555459104159491 15.320846747197823 12.385768163394264 8.83933355193054 7.071041245594685 12.59393620843289 4.116056133759125 18.02961360569406 4.2859228095927255 21.709864190404915 10.867979163592121 22.10111745553001 8.451094610511218 15.085298282176115 24.497330335750057 6.124267504959067 5.549049316176395 13.07705881529709 7.1033557349646586 15.143476621669958 6.846728839365456 4.415982895920869 1.3534517448110974 4.181133066451187 5.900973482218626 8.829583445795393 20.582231279206887 5.898054477815407 13.671658248283432 8.706297103593673 5.570475647633852 5.942930013874725 12.808185515851374 8.064731661623185 10.214342081421483 6.3252358104739175 6.6960780756223475 3.4504998826731574 
0
38 0 0.5695664801708862
26 1 0.5867068124484702
23 2 0.5788781288497615
3 16 0.868334755221589
26 3 0.6101215041356183
29 3 0.939927226601829
3 47 0.6760844245923416
4 13 0.5390918467087411
4 17 0.5485969329488811
26 4 0.5943006564976376
29 4 0.6232770784496382
5 22 0.5932821587381212
23 5 0.509903583529288
5 26 0.5321631512353349
5 30 0.5779524010440389
19 6 0.5414702832081786
25 6 0.5016928983375373
46 6 0.7565531256444262
8 16 0.5816914268539086
19 8 0.8968618750245407
23 8 0.5557718451871507
26 9 0.5179841526186721
10 20 0.550110543628298
10 25 0.5465831662188747
10 26 0.6888895315937547
26 10 0.5025233310775559
48 11 0.7087134039335996
20 12 0.513086286278418
26 12 0.6122986723829884
13 16 0.5146343165016465
13 29 0.8977664367195612
13 42 0.8316043119489733
40 14 0.7693688263335383
19 15 0.7693722575752313
15 36 0.5347318383318918
40 15 0.6002077027798098
15 42 0.5023593509717275
15 44 0.8666725161603088
45 16 0.6695945426127656
26 17 0.5254071751742773
19 18 0.6622421690015659
23 18 0.5772302641521461
26 18 0.5257877992889337
18 29 0.5327522367965289
18 37 0.6354333047677736
19 31 0.5475879171814542
19 41 0.8336738297289032
19 42 0.58744882457672
19 43 0.5240350892069925
23 20 0.5972504987004021
23 21 0.9189122623685342
26 22 0.5460924195174188
27 22 0.5295655833981996
23 30 0.7086069651873328
23 35 0.5995246150995268
23 49 0.6317854160784857
25 28 0.5421555840571697
26 28 0.5168805986100145
26 36 0.5556903483171651
26 43 0.5166744625399664
40 27 0.5316854146452816
28 41 0.6068585778147484
48 28 0.5329798461689437
29 31 0.6340449991442718
36 29 0.8515126838321139
40 36 0.6022128859472327
47 37 0.5275946171819959
48 41 0.5803363881226746
46 47 0.7317480787110735
1
2 0 0.5536045823539231
5 0 0.8759293203597913
9 0 0.8113286262969928
11 0 0.5554368718870931
14 0 0.8276095427688879
15 0 0.6091698397951582
16 0 0.5580280323318751
17 0 0.5461042479025349
21 0 0.6921213819879404
22 0 0.735330898099801
23 0 0.6534198407974321
27 0 0.8707297576112554
38 0 0.5296178658743708
44 0 0.8565432957507235
4 1 0.6147427603925397
5 1 0.5748888576610889
1 9 0.694265665631308
11 1 0.6052795396066077
15 1 0.6495499152761797
16 1 0.6127769624378652
20 1 0.8112100388336987
21 1 0.7147749676675259
23 1 0.5811227854680208
24 1 0.7840436015926353
27 1 0.7191677100909654
40 1 0.9696472711640736
41 1 0.9985451623528376
1 43 0.7038334505864396
2 4 0.6619620702950648
4 2 0.5095249023712232
5 2 0.6385897375315652
2 6 0.6762166827987617
2 7 0.5818542518081022
2 8 0.5496062489481671
9 2 0.5983906232743458
2 10 0.6117683084412797
2 11 0.6047119196446722
11 2 0.6471851618930999
2 13 0.5376463082057688
2 14 0.6189715608088553
15 2 0.6264897408092253
2 16 0.7930723412803817
16 2 0.5912120192613091
2 17 0.595382237222196
2 18 0.8042130654280961
2 19 0.5571237095437341
2 20 0.6460632418870503
20 2 0.7338278095349902
2 21 0.6328529168775288
21 2 0.6260957342071043
2 22 0.7221238938485828
22 2 0.6344927667700566
2 23 0.5329252877230454
23 2 0.5230600459147667
2 26 0.5280167267705318
2 27 0.5748257968052264
2 30 0.5259284998995004
2 31 0.6072226367268974
2 32 0.517217077653791
33 2 0.5516649237041222
2 35 0.701744031546786
2 36 0.6628292377266056
37 2 0.6088420747330217
2 38 0.5155919767546757
38 2 0.7567248245963873
2 39 0.7347868404630653
2 40 0.5149055936457256
2 41 0.7227172415472393
41 2 0.5957740347197734
2 42 0.7411292378116429
2 43 0.7475057492221389
2 44 0.554878635123736
2 45 0.7651261276652728
2 46 0.6767933142645539
2 47 0.6971389821831107
2 48 0.9101853806075573
2 49 0.5865745177016579
3 4 0.8248491921761687
3 5 0.5198212108418244
9 3 0.5710449438595957
3 12 0.7097126402230514
3 15 0.6834566794558137
15 3 0.5969092878565903
3 16 0.6343951119339861
16 3 0.5238116210352035
3 18 0.611004686614979
21 3 0.5606818645496593
23 3 0.6229780028734692
25 3 0.5944789320390598
3 27 0.5723820664886881
3 31 0.5162020995718481
3 36 0.9689804334991419
37 3 0.7074633400595457
3 38 0.9544321776152098
38 3 0.5792836819092997
40 3 0.6760997610991937
3 43 0.6199941923555385
3 45 0.5508208030867563
47 3 0.5382304812085026
5 4 0.5442757530687923
4 6 0.5574542892852539
6 4 0.5664524279536687
9 4 0.5786186739032728
4 10 0.5559971020306198
11 4 0.6803631258140594
4 12 0.6594813052428226
4 13 0.8281081336662186
15 4 0.5054684647199617
16 4 0.6420694902018009
21 4 0.5812093035750422
4 22 0.5385012493876284
22 4 0.6779378743282882
23 4 0.7454082212449928
24 4 0.6177528120965678
4 25 0.6516201592525075
25 4 0.7824803202438186
4 26 0.5154703007728396
4 33 0.5252308365844522
4 34 0.7930774006788226
4 35 0.5047204002214152
38 4 0.6040712383779856
4 39 0.5073147415416759
4 40 0.5760387357354044
4 41 0.5212482071498576
4 44 0.5506760465210649
4 46 0.799618451124924
4 48 0.6419365104715207
5 6 0.6291027792750015
5 8 0.6104141212030838
5 9 0.7982011920207336
9 5 0.5352348720177758
5 11 0.6975258216620155
5 12 0.5410078629221311
5 13 0.6888554855161477
5 15 0.5840652020545054
16 5 0.668826144783526
5 18 0.708651441591825
5 19 0.5589681213739908
5 20 0.5813800217806754
5 21 0.5378045463858481
21 5 0.7092329403565338
23 5 0.5598425349350067
5 24 0.6240751275382146
24 5 0.6583171589218602
5 25 0.6123810267549235
25 5 0.6561805385928996
5 27 0.5877061849484957
27 5 0.631836101134898
5 28 0.5424446665165191
5 29 0.6955879099991825
5 30 0.6473179551859984
30 5 0.5250621575086407
5 31 0.6894243380543736
5 33 0.5181430288408932
5 34 0.6049740289816743
5 35 0.6738684898004623
5 36 0.5644136273517577
5 37 0.8887588391101782
5 38 0.5410132594648727
38 5 0.7075564343374369
5 39 0.6360377490421996
5 40 0.7469792334751569
5 41 0.5977332286887717
5 42 0.6731203637651568
5 43 0.5605391240649915
43 5 0.5787419778741674
5 44 0.6414380527968762
5 45 0.6846397574558896
5 46 0.564614682287436
5 48 0.6368769465165581
11 6 0.7388635773797684
15 6 0.5871044533923522
16 6 0.6135854436335202
20 6 0.5390338964372359
21 6 0.5556289775868526
22 6 0.5870998937797864
23 6 0.5078150344963674
24 6 0.6316663329735688
33 6 0.6461353633536704
38 6 0.5623982498174402
41 6 0.6821308366912855
45 6 0.5056037594127021
46 6 0.5129329981867776
48 6 0.9749620384143001
9 7 0.6120448274400856
16 7 0.6400022295880858
18 7 0.5874118238682215
20 7 0.6107734528561706
21 7 0.688197504579963
22 7 0.5708724060138739
23 7 0.6153767127778748
24 7 0.6562312753181305
25 7 0.6236023580974419
27 7 0.6408570415617021
33 7 0.621916324615116
38 7 0.5488665229282572
41 7 0.6316705968359264
45 7 0.5508323966517394
11 8 0.5610500151207809
14 8 0.715245471990784
15 8 0.5722207201032723
16 8 0.7711924706510092
21 8 0.5634134720592513
22 8 0.5380760675014862
23 8 0.5750146779781435
24 8 0.5894760981806219
38 8 0.5947080812163691
40 8 0.5887983137765977
41 8 0.7800364233357516
43 8 0.5737187928257761
45 8 0.5298439411311182
46 8 0.5426488805286382
9 10 0.5322355953898331
11 9 0.5578985980919533
9 13 0.7946999404366515
9 14 0.5379748200524703
15 9 0.6094751791435264
9 16 0.6190087996244473
16 9 0.5514098783695458
9 17 0.9166798655405303
9 19 0.6046855340861744
9 20 0.5977926470873708
9 21 0.6702833959693562
21 9 0.7186849931583967
9 22 0.6519549539994385
22 9 0.66795433094888
9 23 0.5118584134461339
23 9 0.5058300200270147
24 9 0.5060658835950789
9 25 0.5797748602710915
9 26 0.6602571627389247
9 29 0.6646696899922797
9 30 0.6114573428084547
9 31 0.5552401015167995
9 32 0.849621980178469
9 33 0.5757631305441833
33 9 0.8216334466795623
9 34 0.5938227943842848
9 35 0.625867049932215
9 36 0.6924427280261094
9 37 0.7781172486999718
9 38 0.9437659478247664
38 9 0.5627371900024242
9 39 0.6330639200838633
41 9 0.5604304864508234
9 42 0.7274949956954244
9 44 0.7589110401390246
9 45 0.6878312874851087
45 9 0.6185039119904698
9 46 0.6310915747973286
9 49 0.5423425213500055
11 10 0.596017640994412
15 10 0.5573735607488834
16 10 0.9968047933134103
19 10 0.6238696857630764
20 10 0.5771257107345347
21 10 0.6584697859170634
23 10 0.6093569357717348
24 10 0.6089380703080816
25 10 0.5075052336150165
27 10 0.5185119593926404
33 10 0.515095125257256
38 10 0.6182950827615921
40 10 0.5631911578472539
41 10 0.6025548407041563
49 10 0.6936754914494145
11 13 0.6391522129463152
13 11 0.5132522357335683
11 15 0.5360671708127385
15 11 0.7178963626002431
16 11 0.6497871097275632
11 17 0.7434987794587389
19 11 0.6094398489864213
20 11 0.5318047629627971
11 22 0.8220757224705859
22 11 0.6045074836063264
23 11 0.7735814611926972
24 11 0.6545813612042009
27 11 0.8259272968362055
11 29 0.5109125918987134
11 32 0.5697740021261739
11 33 0.6994441886350968
33 11 0.6241541384521192
11 36 0.6009893860396782
37 11 0.5630463479992965
11 38 0.5849752299852247
38 11 0.5073925142066495
11 39 0.80796475571425
41 11 0.5270353931029503
11 42 0.7729788351594955
11 43 0.5404915362317109
11 44 0.5568017423683044
44 11 0.5261853088400498
11 45 0.5799903211454652
11 46 0.5207655992968525
46 11 0.5069718721424696
49 11 0.536316500909263
15 12 0.5450343780159563
16 12 0.5326515258667253
17 12 0.5843046519027515
21 12 0.6854507725145059
12 22 0.5531738081555619
22 12 0.6340469334641687
23 12 0.5484701754194876
24 12 0.6245989372598756
27 12 0.5390905712246428
38 12 0.6539606588873011
43 12 0.5512120738983368
46 12 0.6713535896708362
14 13 0.7096574852632174
15 13 0.6019019621005471
16 13 0.6137369686713395
19 13 0.6228024743352649
21 13 0.6123273626175522
23 13 0.6355399543994803
24 13 0.6507919145382758
13 26 0.6132401423757552
27 13 0.8533548223819905
13 28 0.563834540290113
33 13 0.5654213609895702
37 13 0.5588234868736478
38 13 0.5510301120154821
40 13 0.8315242676885228
44 13 0.6099099082064214
45 13 0.6118184354884877
14 15 0.880014917337719
15 14 0.60580971209288
14 16 0.796812927798425
16 14 0.5854283903895854
14 17 0.5214214870322995
18 14 0.8676488518293142
14 21 0.5263280768506368
21 14 0.7446893349135668
14 22 0.5903529985232773
22 14 0.5424929629407678
14 23 0.6012102670944621
23 14 0.6965412392611273
14 24 0.6083962231258706
24 14 0.7940053823274762
14 26 0.5964304507394169
14 27 0.545793362494213
14 28 0.6891692830505469
14 29 0.8167796374445286
14 31 0.5797488788393201
14 32 0.815093965240268
33 14 0.5069751300685463
14 36 0.524098538126349
14 38 0.8139303251046615
38 14 0.6193667779975061
14 39 0.7791727099088708
14 40 0.5659550740224306
40 14 0.6575124284670668
14 42 0.6428350154763847
14 44 0.5721261983292172
14 45 0.6009750213042253
47 14 0.5365558761300648
14 48 0.6037056331336468
15 16 0.6820753354111222
16 15 0.6732325372582189
15 17 0.5523573674419241
15 18 0.7243712245310763
15 19 0.5329753522072405
20 15 0.6057220419239329
15 21 0.601144734604375
21 15 0.6351653805040398
15 22 0.6673363358059943
22 15 0.809539055393219
15 23 0.8716443915081066
23 15 0.5259578853576843
15 24 0.595988783170962
15 25 0.5946042486099747
25 15 0.5486428439586211
15 26 0.5677850291248142
15 27 0.6137748437739554
15 30 0.6763710212236107
30 15 0.9163511585152309
15 32 0.6395389073322721
15 33 0.6243153112708381
15 34 0.5399623028304673
15 35 0.632660115120981
15 37 0.6001384913345175
37 15 0.8050235507084755
15 38 0.7206292905833385
38 15 0.7024951228774112
15 40 0.6188299624670204
15 41 0.5645271747311067
41 15 0.879537802334033
15 43 0.643089204632814
15 44 0.5360139009736757
44 15 0.8634846377796228
15 45 0.9159314845726456
15 46 0.6722552856033275
46 15 0.6317076823413024
15 47 0.6663491895181685
15 48 0.6803218130482499
16 17 0.738764595291025
16 18 0.69887849361761
16 19 0.7417127520534389
16 20 0.654813266111334
16 21 0.5586969373382022
21 16 0.5369095567805786
16 22 0.6233468091862968
23 16 0.5884776688948841
16 25 0.5709556803296416
16 26 0.6452081967043358
16 27 0.5126418897034106
16 28 0.6349166107788682
16 29 0.5228370136704878
16 30 0.6515648637109445
16 31 0.6112486578558858
16 32 0.6594612107204458
16 33 0.6858172256020518
16 34 0.5358259059956925
16 35 0.5417977857170628
16 36 0.6288245272629629
16 37 0.7091984674962418
16 38 0.6976617600295414
38 16 0.6190215434826013
16 39 0.8130431220076192
16 40 0.7265192689326827
40 16 0.5292122397499808
16 41 0.5916668206636198
41 16 0.7691524178999767
16 42 0.5182657487728728
16 43 0.6141091557131071
16 44 0.5746994691368088
44 16 0.617172849542168
16 47 0.7527225663580448
16 49 0.7564547265096748
17 20 0.5517338594531118
21 17 0.7248984189208046
22 17 0.5196858412830958
23 17 0.5803469145009431
17 25 0.6089938369539374
27 17 0.6132003715996419
17 28 0.5724441872172772
17 33 0.65285857803775
33 17 0.5066828754052728
17 36 0.540793000169167
17 37 0.7955037543661123
37 17 0.6180112632137622
38 17 0.8112648407964018
17 42 0.51735259776519
17 44 0.5453560106137201
46 17 0.6622611337344824
21 18 0.5380087345995047
18 25 0.5566137988698956
33 18 0.8275188555031829
38 18 0.7041010809832337
40 18 0.6970392835031347
41 18 0.5923824981969348
44 18 0.7168917277440172
45 18 0.6455174437365665
21 19 0.8304302262107006
22 19 0.5117877313406087
23 19 0.5901558783764832
19 26 0.648750842283341
27 19 0.5036453490737476
19 29 0.7780369600921082
30 19 0.5222482386756284
19 31 0.5963599596077362
33 19 0.5373932613523646
19 35 0.7139764489164182
37 19 0.5522055641377663
38 19 0.6014720143951632
19 40 0.9617896637959078
19 42 0.5290233366987938
19 44 0.5727889141958349
19 46 0.5254086352211029
19 49 0.5860327572907651
20 21 0.500353671633696
22 20 0.5636025368760607
20 23 0.6650970039386497
23 20 0.6160555118935249
24 20 0.657586193638875
20 26 0.6446687784984759
20 27 0.546808729020783
27 20 0.816437638528229
33 20 0.7984649661198622
20 36 0.6233173233368259
37 20 0.6377087977909981
20 38 0.5521135028348291
38 20 0.5951595423564358
20 39 0.6170877415148464
41 20 0.6144650616836886
43 20 0.8306764272143905
44 20 0.9408116742621488
20 47 0.6055795947671845
20 49 0.547963060514945
21 22 0.5991507912154351
22 21 0.829057310305322
21 23 0.6409451964898721
23 21 0.7167065682638095
21 24 0.6419251845212894
24 21 0.6729756481987251
21 25 0.8087298386622152
21 26 0.6988492223238523
21 27 0.7573026966994815
21 28 0.572693220107388
21 29 0.5768571026154892
21 30 0.6891373286904896
21 31 0.5584586488887616
21 32 0.5174039643132364
21 33 0.5752545320024063
21 34 0.5807889001434215
21 36 0.6539010152164941
21 37 0.5923723127853979
37 21 0.9298368586710071
21 38 0.6839958314616409
38 21 0.6386733264085962
21 39 0.5046103225770537
21 40 0.5797545811184119
21 41 0.6631919026867618
21 42 0.8134015675485649
21 43 0.6752772991720386
21 44 0.6251373360940291
44 21 0.9432937938619874
21 45 0.5902574055855504
45 21 0.6054202469879773
21 46 0.5419500654750475
46 21 0.5950719216611198
21 47 0.5302410231578736
21 48 0.5849456378773203
21 49 0.684240570144997
22 23 0.6503322543451014
23 22 0.5180336814246213
22 24 0.6512063294512762
22 25 0.7792248202793448
25 22 0.5384519366116436
22 26 0.5490084395698974
22 27 0.7298124475284575
22 28 0.7511625319633056
22 30 0.5016969262776334
22 31 0.6946296780675074
22 32 0.7569299676181316
22 33 0.5045234207951901
22 34 0.5450222901561279
22 35 0.591285745967324
22 36 0.5678497623155045
22 37 0.5629311945002815
38 22 0.5847655834203708
22 39 0.5085122313656287
40 22 0.528181186251198
22 41 0.5497189980596808
22 43 0.5080613787231392
44 22 0.5122292134681858
22 46 0.5672792821614296
46 22 0.5803501398549065
22 48 0.6874079576976923
22 49 0.6294627631908181
49 22 0.6014673771170094
23 24 0.5640348926798286
24 23 0.5912053313236272
23 25 0.6754824706660182
25 23 0.5827088715462073
23 27 0.597658833724585
27 23 0.528179064107108
23 28 0.5678056279088353
23 29 0.6178081608526808
23 30 0.5681838697871242
30 23 0.673502393365426
23 32 0.6225958763867654
23 33 0.5837235569927397
33 23 0.5615647426132342
23 34 0.5803757282797994
23 37 0.5939734986580707
23 38 0.5320709439603445
38 23 0.6362473210898856
23 39 0.5987660768785815
23 40 0.5951023079522743
23 41 0.6079668458237991
23 42 0.7633307133497043
23 45 0.6075834536933025
23 46 0.6898165168380583
23 47 0.6130830599866122
23 49 0.6287397179075281
24 25 0.5535985289661665
24 26 0.5138247455703812
24 27 0.5166813267857304
24 28 0.646599353773777
24 29 0.643984252935566
24 30 0.5652586553995912
24 31 0.6403523457198228
24 32 0.5311425400015473
24 33 0.6340456269138851
24 34 0.5723493453566032
24 35 0.705360472216889
24 36 0.5631539732373668
24 37 0.6411471014053318
24 38 0.5476405546487322
24 39 0.7917032912985227
24 40 0.6272434473901933
40 24 0.6011566184542352
24 42 0.6274544856106845
43 24 0.6270280546813225
24 44 0.643542956700209
24 45 0.899813514988967
24 46 0.5899799945717868
46 24 0.7066373661634149
24 47 0.6970640216347657
24 48 0.5415894225584688
25 27 0.5421861341474341
25 28 0.6718900861501585
25 29 0.5463659665388383
25 30 0.6693007626807397
25 31 0.5957566269237242
33 25 0.7722885859176958
25 38 0.5296873228081217
38 25 0.677407894507779
25 39 0.5489666264462311
25 43 0.5849265802044072
25 44 0.7589646974699262
44 25 0.5930979034507813
25 45 0.5097193888512015
25 46 0.9171073415114759
49 25 0.5351980829619409
27 26 0.5230828623967103
30 26 0.5395064657823401
33 26 0.7024445586985356
37 26 0.511289893396685
38 26 0.8557376622566453
40 26 0.6120260867854479
41 26 0.5452163525421041
44 26 0.5313447894223269
46 26 0.5913574770246673
26 47 0.6490514916613399
49 26 0.6460161881689335
27 29 0.9348754310876766
27 30 0.6092617641011018
27 32 0.5627159851994075
27 33 0.6684306013519379
33 27 0.6724687762837078
27 34 0.5867255489159859
27 35 0.6603501541159074
27 38 0.5138954679332444
38 27 0.6324206309254811
40 27 0.515888814687842
41 27 0.800188998213959
27 43 0.721581450716724
45 27 0.5897640597860114
27 47 0.6619292544984745
27 49 0.810162854357819
37 28 0.5909556878108999
38 28 0.6010317638459829
40 28 0.5269738894835208
44 28 0.6556439067482431
45 28 0.5165301050855897
46 28 0.5530417957994931
47 28 0.5041681346557125
33 29 0.6781699236691012
38 29 0.6417806189845814
40 29 0.6623090526394124
43 29 0.6758689148982957
45 29 0.5323267911336655
33 30 0.6383859362245534
30 36 0.5645225408936347
38 30 0.6969640856270871
30 39 0.6549292303722075
40 30 0.5942965432340155
43 30 0.6862504492124695
45 30 0.5350472771860765
30 47 0.5622826775492467
48 30 0.6863412030284044
40 31 0.5149962156563301
41 31 0.7815904455972411
43 31 0.5492641024773253
46 31 0.544732583865186
38 32 0.773353980443535
33 34 0.6340626932738238
33 36 0.5044112659270594
33 37 0.5116610218278583
37 33 0.8878993451267347
38 33 0.6029225939934781
33 40 0.538720427829853
40 33 0.6043998914383517
33 42 0.5477290101660099
33 43 0.5815410350860832
33 44 0.5514981821216636
44 33 0.5197496806849362
33 45 0.5551697729427841
45 33 0.776225925631898
46 33 0.5807135412351538
33 47 0.7367368092994953
33 49 0.846264787787312
38 34 0.6073890205527279
34 40 0.5206011490240297
41 34 0.7013467000189317
43 34 0.6463318528142803
38 35 0.5802606188902977
38 36 0.586491958782317
36 39 0.5895213292097194
40 36 0.6929719169139181
45 36 0.5870731948665369
46 36 0.5911373555009516
37 38 0.788022407516486
38 37 0.6430548087148483
41 37 0.5234990311999095
37 44 0.6207044655687148
44 37 0.5173103225995981
46 37 0.5428574756618023
37 48 0.5479972533388506
38 39 0.511476559408907
38 40 0.6491044877093537
40 38 0.666604575780537
38 41 0.8387854925292743
38 42 0.5315406168728752
38 43 0.6526246571720928
38 44 0.513375142693423
38 46 0.6122790213225507
46 38 0.7067970913671622
38 48 0.6665689678389518
38 49 0.7029868399772048
41 39 0.7638253094654008
45 39 0.5744426162855589
41 40 0.675800724589418
43 40 0.5795185868174442
40 44 0.513920807196957
44 40 0.6201024641360935
45 40 0.5101132227703666
46 40 0.6879279104175124
41 42 0.8247390876812462
43 41 0.7524038160786566
41 44 0.6349986529072373
41 45 0.6447404956403209
46 41 0.6346936109157213
46 42 0.5583137875840027
44 43 0.7317849403796888
43 49 0.6961628157728375
44 45 0.6554356329339253
46 44 0.8170700844028098
44 47 0.7880241966633463
44 48 0.8740194637732053
49 44 0.5234766135756954
45 46 0.6005462719653352
46 45 0.619331577289115
46 49 0.5891267863736313
49 48 0.5698892856763664
2
3 0 0.8150275083093024
6 0 0.5483505368414541
11 0 0.6315340255703228
0 19 0.5653859359205693
0 20 0.6375794588541506
21 0 0.7822895259874922
0 23 0.501595155491674
25 0 0.6096227554113444
38 0 0.6693693905651124
0 39 0.5215319608684819
0 40 0.7877127986963726
40 0 0.7664589656941048
41 0 0.6033450060384222
1 4 0.8279200227672185
1 5 0.7811471083534556
6 1 0.8584491401633583
1 7 0.616660135971759
8 1 0.6223525918974988
9 1 0.718482886093117
1 10 0.5255433997772847
12 1 0.6994472108109728
1 13 0.5032559954244593
1 15 0.8788315350876443
1 16 0.6941856797025994
19 1 0.5239937038926106
1 24 0.5133519486040345
1 25 0.5921483153643428
1 26 0.5118086602685811
1 31 0.9005236537981984
31 1 0.6309852947803336
35 1 0.727530916785692
1 39 0.5173292513961714
41 1 0.5089906269918048
1 47 0.5426737337421648
1 48 0.9983402301894397
48 1 0.6879474403707964
4 2 0.5709030786495735
10 2 0.5868066953239259
30 2 0.5468750396331299
32 2 0.5072591626287097
38 2 0.5421997858140435
40 2 0.5426385383542351
48 2 0.6108863521448087
3 5 0.5108540886250026
3 7 0.6824883187465981
8 3 0.7804188269849057
3 9 0.526366081900361
3 10 0.6743361260723568
3 11 0.511020277068859
3 14 0.5702741148747517
3 16 0.5184594575960555
3 17 0.595697231998007
19 3 0.668718127732504
3 21 0.5675286564426785
21 3 0.7701342168049021
3 24 0.6939605517698842
3 29 0.6816108913724741
3 30 0.7427625701453497
3 33 0.5362427192807249
3 35 0.5492955299138627
3 38 0.5820851877574287
38 3 0.5691063120328828
3 39 0.8101718835463216
3 40 0.5612203370880355
40 3 0.5781361482101643
3 41 0.6473540673579874
41 3 0.5177663541826463
3 42 0.7004912358138234
3 43 0.8776539845427849
3 46 0.6896300044485213
3 47 0.5622912772705919
3 49 0.6757604593351592
8 4 0.6194145190468097
10 4 0.6922399270707642
12 4 0.6050887331848722
4 19 0.5055095659138795
23 4 0.5484812480969541
25 4 0.7194258182126116
28 4 0.589169016585247
4 30 0.5040694366162766
38 4 0.7279482823341084
40 4 0.6249221607023265
41 4 0.6010971137927887
4 42 0.5307617017057216
21 5 0.6272399567834468
25 5 0.526092685778544
38 5 0.8256486269839736
40 5 0.6073195198942097
41 5 0.558895377038416
10 6 0.6332577761791089
11 6 0.6031813246065696
14 6 0.50229684918831
23 6 0.8029801187290855
25 6 0.7264215299693733
6 27 0.7916234078143709
28 6 0.5639127022017494
6 35 0.5301475010616947
38 6 0.5063758023901856
40 6 0.6469165945083909
41 6 0.6685276211453084
48 6 0.5383300320634434
11 7 0.5221020615930183
23 7 0.5656217725687231
7 24 0.7269897456302596
48 7 0.6057631472582397
8 10 0.8046608198988952
10 8 0.6862027221479406
11 8 0.698417792027145
8 19 0.6753594033297188
8 23 0.5254721984491681
25 8 0.5518685256419597
8 26 0.5473333912830021
29 8 0.8423747216509319
8 34 0.691434698978366
38 8 0.7570979006496633
40 8 0.8274200010707153
8 44 0.8033213269301336
8 46 0.547837364926119
8 47 0.7476432320704299
10 9 0.5937368016099195
17 9 0.671755397663851
9 26 0.5995381294227939
29 9 0.5912414661518808
31 9 0.712345939343419
9 32 0.5303280042285665
37 9 0.5402052973830089
38 9 0.6835536310579271
40 9 0.679359868853604
41 9 0.541128782485853
10 12 0.5599985814441482
10 16 0.5751635392434882
10 18 0.5116405717567252
10 21 0.5441547411654148
21 10 0.5163893698520963
10 23 0.5841605858574395
10 24 0.7141029542597671
24 10 0.5268813996685835
10 28 0.6482127767527627
31 10 0.5921035637042789
10 33 0.5121884070640357
10 37 0.5437571196666144
38 10 0.5826754939932496
40 10 0.7118005809968686
10 44 0.7019274062608036
12 11 0.9033044419181095
11 13 0.5126475601433498
11 14 0.6299332186693634
11 15 0.7385205209039333
11 18 0.5199098352577138
19 11 0.509250549317174
11 20 0.6224448854187844
11 23 0.5982930580768238
11 25 0.6325627190728843
25 11 0.5624153125445184
11 27 0.6532282472591793
11 28 0.5606880906900922
28 11 0.6223557994232565
11 29 0.6736852639899278
29 11 0.6934521630868478
11 30 0.6153124707494235
31 11 0.6502396373352617
11 32 0.8457482782087669
11 33 0.9654129305502335
11 35 0.5234278986852718
11 36 0.504300816143427
11 38 0.5639775346336542
38 11 0.6674648242359726
11 39 0.719863163561034
40 11 0.5039314710773664
11 41 0.6904798729396128
11 43 0.6119563500511982
11 45 0.5420653637332009
11 46 0.7929684938484826
47 11 0.5458345291399345
11 49 0.7482942232669745
12 15 0.5418300868242258
17 12 0.8087678107490415
25 12 0.6021203905043984
12 28 0.5139439447757852
12 29 0.6490346993560648
29 12 0.7747896231088294
12 34 0.5506969598502327
35 12 0.561982972345288
12 36 0.536139992390174
12 37 0.5948954368015124
38 12 0.5837648155655101
41 12 0.7368898343882477
12 42 0.7538778577541607
45 12 0.5183997344723097
12 46 0.5232300203211928
25 13 0.500675530249906
35 13 0.9218590860944071
37 13 0.6718214606774349
38 13 0.5350029566246772
41 13 0.5129468924858218
46 13 0.9467820072672235
47 13 0.6733552853420963
23 14 0.5792745766628966
25 14 0.5650990839063774
40 14 0.5604130877609955
14 41 0.5884847947171443
41 14 0.5283287077814288
14 46 0.587690243703596
48 14 0.5634699636056426
23 15 0.9991472071479199
25 15 0.5976530387966914
30 15 0.5773078021515479
38 15 0.5083774454140573
40 15 0.5156590299371495
41 15 0.5119334310152739
17 16 0.5615447564187608
23 16 0.5928677880805588
31 16 0.513882166121745
38 16 0.733235671024721
40 16 0.572735939148229
48 16 0.6149313263065661
17 20 0.5184780861257543
17 21 0.7834059969582998
25 17 0.6561220688762823
38 17 0.5984526772021292
42 17 0.947843102947177
17 43 0.5865560526954348
17 45 0.7228971043778811
17 46 0.5091857433664089
48 17 0.708416370926678
21 18 0.599536626915367
25 18 0.7719813798289543
32 18 0.5635007924683333
25 19 0.6086624021355884
19 29 0.6266308918986292
31 19 0.9163401944912672
19 34 0.574074288590662
35 19 0.7230042594026537
38 19 0.5056482392019301
40 19 0.7224036529273927
19 42 0.6374929127919824
23 20 0.5356467525979656
25 20 0.571435182433536
30 20 0.7010701916771814
33 20 0.500991739707471
40 20 0.6382012989664031
41 20 0.7725851033938176
23 21 0.506590935585139
25 21 0.6588546046821089
21 27 0.5098025842463965
21 30 0.6228999427628433
31 21 0.515575262281891
21 36 0.5090011439014144
21 37 0.5126863414858946
21 38 0.5389692751831789
38 21 0.668353625758591
40 21 0.6105074562411038
21 41 0.6261519362903281
41 21 0.5875493950969115
22 28 0.5014596896850476
28 22 0.8119343437819246
22 29 0.5082296334017424
38 22 0.778457092971645
40 22 0.607340449306309
42 22 0.7088375143533248
46 22 0.5073589663279794
48 22 0.557699388513341
23 24 0.5196623176708552
25 23 0.518209989078295
23 27 0.6949495889315691
23 29 0.6477604264516164
23 34 0.5277919195791858
23 35 0.5388679944792916
35 23 0.5295532727428758
23 38 0.522583753448516
38 23 0.5726768294047881
39 23 0.5055505955257498
40 23 0.6135847898747342
23 41 0.5614885788392281
41 23 0.7820331300144665
23 47 0.6162037308525512
38 24 0.61274969829219
25 27 0.5371914878178226
25 28 0.5159052012186987
25 29 0.6568615805809754
25 30 0.6676732258597383
31 25 0.7630412624268985
25 32 0.5288321714400184
25 33 0.6529979186727379
25 34 0.533687083080453
37 25 0.696153685174224
25 39 0.6610068544348291
25 40 0.5403229908986469
25 41 0.6834658187852012
25 42 0.5777837846239422
25 43 0.5766326438808967
25 44 0.8468110149147243
45 25 0.6582427890020353
25 46 0.6953724096414291
25 47 0.6285680877883884
47 25 0.614421471746337
25 49 0.8117329083697453
32 26 0.6555221171215906
38 26 0.7979142680536011
40 26 0.8214621684446282
27 29 0.5439476218985055
27 34 0.8131853855171525
35 27 0.7194512422250248
40 27 0.5338518473746814
28 29 0.6322843337616253
28 44 0.642750735038913
28 45 0.7800683460504878
28 46 0.5766748303687903
28 47 0.5744728509063114
29 37 0.6546361562917106
38 29 0.5265666529811266
30 35 0.6881211582801368
35 30 0.8560218330844751
30 37 0.5667522429522529
30 38 0.7077366074198289
38 30 0.5867123253191924
40 30 0.6644449363469915
41 30 0.5074423486849773
46 30 0.62469406913687
31 33 0.6552587246825583
39 31 0.599005728482696
40 31 0.6690824034899725
41 31 0.5822524927503476
31 44 0.618071751533967
38 32 0.5197746177985798
40 32 0.5568223543065329
41 32 0.6522058425991524
43 32 0.5874548542345872
39 33 0.5754830697827011
40 33 0.5530252833279439
41 33 0.8411155345780561
48 33 0.5059025102891619
38 34 0.5433312473988741
40 34 0.8726284317416052
46 34 0.6834169228764411
38 35 0.6952229624153626
40 35 0.5911454684880929
38 36 0.5464885567961162
40 36 0.6224016188829538
46 36 0.530883282605803
48 36 0.7054208035530405
38 37 0.5635344395202515
39 37 0.5452573330639208
40 37 0.8496867483464938
38 39 0.5319630658187275
38 40 0.6299658392804883
38 41 0.5271993756667166
38 42 0.5430155020553257
38 43 0.6152202996043824
38 44 0.8061610616589738
38 45 0.5383369447045139
38 46 0.5521865297353807
38 47 0.5673974515777553
47 38 0.8662178255278459
38 48 0.7537892288798743
48 38 0.5228056028305421
38 49 0.5912279395978
40 39 0.6413859649238166
40 43 0.7228240154330491
40 46 0.6744371533425725
40 48 0.5622874468048047
40 49 0.8954368357445214
41 47 0.7004299147500075
42 48 0.6913068654710051
46 43 0.5344339174611921
47 43 0.7656495371087906
47 44 0.6056157087642915
47 45 0.5211040707667123
47 48 0.5857295331295123
48 49 0.666161246436271
3
13 0 0.5876339747695714
17 0 0.5243283566813894
36 0 0.5236418529793656
38 0 0.9129355944160564
10 1 0.6165321268331647
11 1 0.7717706763231
13 1 0.584889070655426
17 1 0.550859304398285
25 1 0.6507249392040051
37 1 0.8762179306625477
42 1 0.6337374793956272
2 5 0.8864625805758217
2 8 0.9187429958092928
10 2 0.6433506176812833
11 2 0.5350183297026263
2 14 0.515128919959625
14 2 0.7330081910426869
2 16 0.5641978318408228
2 17 0.6508137880494038
2 18 0.5386315653248719
2 23 0.5758543136389429
2 24 0.5463772584654387
2 25 0.5189887096297953
2 26 0.9051886640905171
2 28 0.5939660572481453
2 32 0.5721917979690434
2 35 0.6282954387238517
35 2 0.5148816386739448
37 2 0.6383348608533912
38 2 0.5930022510305644
2 40 0.8318047664053461
14 3 0.5002143380900645
3 23 0.5436956468196896
3 24 0.5352904639034735
3 28 0.5311220419291853
36 3 0.5207766822408311
38 3 0.5815047044484334
44 3 0.5867688903477148
3 47 0.9347365781297123
10 4 0.5461326784842737
31 4 0.7019326252083399
44 4 0.6813090120215111
7 5 0.7008958545917947
10 5 0.5381961899026119
5 16 0.5673214778849913
5 17 0.5896373028686464
26 5 0.6653919416120784
31 5 0.506801676199391
44 5 0.6953226210883146
5 45 0.6167877076754213
10 6 0.5405359949821951
6 11 0.8065586111274037
13 6 0.5279579916876054
14 6 0.6024186030815892
6 15 0.7509898493727503
22 6 0.6744232749539314
24 6 0.561546292229399
25 6 0.5870048783319117
26 6 0.8295418616550321
30 6 0.7127917323317856
36 6 0.7011284616639961
6 45 0.5828047070777427
7 9 0.5628731582529038
7 15 0.5206425632492142
17 7 0.5202065050810756
7 20 0.651698778645647
24 7 0.7744280026199433
7 25 0.5171467629946009
7 34 0.590970945715503
7 35 0.6514368212770767
44 7 0.5112997161447481
7 49 0.7174439057364549
10 8 0.6017893698662589
16 8 0.5336814446770937
17 8 0.8369143797263765
30 8 0.5669253925680744
44 8 0.7367489660363422
48 8 0.5844085299703479
10 9 0.5206710003262134
19 9 0.537313550586024
25 9 0.5643536348647422
28 9 0.8987866180391515
30 9 0.5473962001557189
44 9 0.5326048997317443
10 14 0.5213000793025906
10 17 0.7099942060209703
10 20 0.6424251450446721
10 22 0.507291754100718
10 23 0.7098909894864303
10 25 0.9593950754382976
26 10 0.7255798046395443
10 28 0.6860139315462201
10 32 0.5531090016272849
10 34 0.5599810267743353
10 38 0.5116758505756236
10 42 0.7553756148123112
10 43 0.5920587133061689
44 10 0.9927484148155212
10 46 0.6290450767902327
10 48 0.5058207133046999
11 12 0.60857849709714
14 11 0.6309888145761211
17 11 0.5107703163188746
26 11 0.5201351782955597
11 28 0.8426479962791338
30 11 0.7560198589890572
36 11 0.8831136326853921
11 48 0.5907934341065999
12 17 0.5028993252378586
25 12 0.5730040109949627
26 12 0.9756552445447673
12 31 0.5415060902030593
31 12 0.6311837058461232
44 12 0.8792157250913395
12 46 0.6085084645684529
13 14 0.5722072535869767
21 13 0.5512574982609291
13 22 0.52562493632208
13 23 0.6666657783630874
13 26 0.8773338249818428
13 30 0.7549026843802289
13 36 0.50224224376982
13 41 0.5146680732848212
13 43 0.5462617086397359
13 49 0.7556733180767194
14 19 0.6520442790813743
19 14 0.5686185379072473
14 22 0.7923343810416204
14 23 0.5322200562897317
14 24 0.6074521300908768
26 14 0.8487116008816264
14 27 0.5235696684110989
14 30 0.6295963324787546
31 14 0.538399232013684
14 39 0.52373955837077
14 42 0.5311230050582663
14 43 0.7768944338664621
14 44 0.6411457647072765
14 46 0.5221170891649289
14 47 0.5363012580631972
17 15 0.5700427071204843
25 15 0.6370084403611305
26 15 0.7058238900656686
19 16 0.5341122060979069
26 16 0.542177485493486
30 16 0.7286891016645243
32 16 0.5481408801528955
39 16 0.7813849412612881
41 16 0.8418047531455386
44 16 0.5204641898343232
16 48 0.5372391406240584
22 17 0.8245152496598376
17 23 0.5944641131981736
24 17 0.5272716023563203
17 25 0.5355627120574082
17 27 0.9683561394566824
28 17 0.5566811121725097
17 29 0.6413390472918264
17 30 0.5041919650908877
31 17 0.513209589858293
17 33 0.5663783328688856
17 35 0.6596036151020774
17 36 0.6175577616343702
36 17 0.5252959074905263
17 44 0.530958338261929
44 17 0.5497984169147454
17 45 0.5135100125014276
19 18 0.5468181885996419
24 18 0.7255382765879679
27 18 0.6394130679613246
30 18 0.5125517231393519
43 18 0.6927133726368642
21 19 0.5766104932425176
19 25 0.7849660664453939
19 29 0.5559170642700677
19 31 0.882427128766663
19 35 0.7333673632258777
19 36 0.5638824661581865
19 39 0.5314344786730529
19 41 0.5924460119550226
19 42 0.5220071649404763
19 47 0.7908901411446336
19 48 0.5974082790288524
31 20 0.5305908716724095
24 21 0.5693590370324821
26 21 0.5109053024261545
31 21 0.8144823386449491
22 24 0.5479067287437349
25 22 0.6950227732871066
22 28 0.684545779044579
30 22 0.5053631499793241
22 32 0.5905656398798445
22 35 0.5733172684346777
37 22 0.5572373175986083
22 41 0.5205598097988147
22 45 0.6121338270268903
24 23 0.5503570654266252
26 23 0.6642105430114593
24 28 0.659917348003807
24 29 0.5794112403768552
24 35 0.8985894750283911
24 36 0.5434992456923275
38 24 0.5163286197444792
24 41 0.6693485665514165
24 43 0.6343959611753236
25 27 0.5682152907980154
25 30 0.5191812987000108
25 36 0.5769125916658269
25 38 0.6828522908653996
25 39 0.9006173158235202
25 44 0.5533786169562336
25 49 0.6402245803374971
26 27 0.5468618729425454
26 28 0.5363419553043942
26 29 0.6660099383330171
26 31 0.5692246680153568
31 26 0.5907906236910069
26 32 0.8027005696375864
26 38 0.5517134840751887
26 40 0.6781781166514129
44 26 0.6138677566319188
46 26 0.6333856574136416
27 32 0.5280819145545788
46 27 0.5246530272457726
27 48 0.5692253397566693
30 28 0.5701875965827259
31 28 0.6297364234859657
28 32 0.5373204805731644
37 28 0.6723747752157656
44 28 0.5325113370716006
31 29 0.574102685279898
30 32 0.5245342195456304
30 34 0.7192705065858773
30 35 0.6074143481063243
30 36 0.5675222633649575
37 30 0.5061149178947331
30 40 0.5103599179340281
30 43 0.569518952573125
30 48 0.5475287062698404
31 35 0.5363746362591244
36 31 0.7366023521175118
31 37 0.5146657327900119
37 31 0.62939551049025
31 38 0.7806689921968746
31 40 0.663879860924153
31 41 0.8879363735584105
31 43 0.555695720098037
31 44 0.6843008802524522
39 33 0.744268807800387
44 33 0.5754917667411499
34 41 0.7736798986431317
36 35 0.6028228291600701
44 35 0.5296968986561865
36 46 0.5630003489698243
37 38 0.5678869504049462
38 37 0.660708595915023
43 37 0.8902004989106855
38 41 0.5019193349482105
38 44 0.5046936194975506
38 45 0.7087001846446643
38 46 0.6079718989176117
38 48 0.7498931442832972
44 39 0.5855379637002017
44 42 0.6397424341278604
42 49 0.6161793519798104
44 43 0.8660266174200828
43 48 0.7541709416291453
44 48 0.7109307842065227
48 44 0.5940807930161782
44 49 0.5856558314956308
4
22 0 0.924297525420273
49 0 0.6676089996355798
1 2 0.8752890595876763
1 6 0.6997353586810466
1 7 0.6446567001478627
1 8 0.5442919863071027
8 1 0.5101213443499273
10 1 0.5968509074803772
1 11 0.54222717615516
1 13 0.7196248785373529
1 14 0.6815138226670936
1 15 0.7922158059888862
1 18 0.5577328635039398
19 1 0.5015531375111029
1 20 0.5221645164645854
1 21 0.6428233041787993
21 1 0.5754104389408476
1 25 0.933373725090809
1 26 0.5625210301415235
1 36 0.5348920588569579
1 37 0.5023835249186117
1 40 0.6611850608425478
1 42 0.5403637027581585
1 45 0.5946095480542354
1 47 0.5536436082397789
3 2 0.5692499360348288
7 2 0.5987839588230057
9 2 0.9074679135514956
15 2 0.5555791404331121
22 2 0.7708318835090983
32 2 0.5276852911335284
2 43 0.7678138416197275
3 5 0.6941858502423055
7 3 0.5745289184728248
3 12 0.7213282123353515
3 21 0.7778516024070894
27 3 0.5906033264976542
3 28 0.5402754466211446
3 30 0.7472923077514775
6 4 0.6485966415762119
4 17 0.5532518426959783
32 4 0.6725050255697184
39 4 0.8922292559511564
4 40 0.6958952641246872
4 41 0.5077429068866608
4 43 0.5816671342714193
7 5 0.6609268229619221
20 5 0.638524972026498
22 5 0.7471696736775204
45 5 0.693044774000408
46 5 0.8172273990628642
48 5 0.5127403392200074
12 6 0.5816742959105659
6 21 0.5376873374783331
6 28 0.5398480228586853
29 6 0.6954962806632994
6 32 0.5556987959570212
42 6 0.5299006797428305
7 9 0.5509227758752087
7 12 0.6699479731939693
13 7 0.6344202154853744
7 15 0.5989644372708945
7 16 0.6732734884438345
7 18 0.7114925618035068
23 7 0.526089063805325
7 25 0.5005903797163507
7 30 0.6436305337980517
7 37 0.623432328166196
7 38 0.5539327598977597
7 40 0.9522559716540906
7 42 0.5185352309161404
46 7 0.5750194523048544
7 49 0.511955943729578
8 12 0.6507642032084251
13 8 0.7452005023626014
19 8 0.9040529900382217
29 8 0.6186620341470179
8 48 0.6062415376446395
11 9 0.8192556373593676
17 9 0.5868844807455602
19 9 0.6782148606119298
9 29 0.5300300850804895
29 9 0.5082979133292729
9 31 0.7112554717108641
9 34 0.7675197452582412
9 36 0.5508386047402358
9 37 0.5577702078633687
9 41 0.5051925282938878
48 9 0.5832470448690943
12 10 0.5797491322088355
13 10 0.5179982500433964
10 16 0.533762867139441
10 17 0.6201259301277982
22 10 0.6705025264272848
10 23 0.5731063580400908
23 10 0.5132346164433836
10 31 0.6838580883626209
13 11 0.7277362286440248
11 14 0.6306109856954585
11 16 0.7894993105373616
17 11 0.6468282650591768
21 11 0.6611765728584753
11 29 0.5450814624878713
30 11 0.6134968603985718
11 47 0.5403606923127457
11 48 0.5408955634995645
16 12 0.596504176074633
19 12 0.5591747278148775
21 12 0.5961020181525976
12 31 0.5127303999467603
32 12 0.6930440620647611
46 12 0.613749672880493
13 26 0.5093599130496607
13 27 0.7767723707863086
13 29 0.5367164659738606
29 13 0.6866809046557472
13 30 0.8224098835002374
13 32 0.9364443435112175
32 13 0.606749237196287
13 33 0.5694532788664988
13 36 0.6019066914335953
13 43 0.5091550980124488
13 44 0.5372426994548413
13 45 0.5393610532201942
13 46 0.6318763767283864
32 14 0.6343733566193119
29 15 0.6534420977667531
32 15 0.6299838139385243
22 16 0.5326915397716483
16 24 0.5573116857150784
29 16 0.5427018953878975
16 34 0.7431977840363135
42 16 0.9181764153337375
17 19 0.5273409508729674
21 17 0.5829565125557137
17 22 0.5080951104389586
17 27 0.534099998543504
17 30 0.5784897246657723
17 31 0.8196031453161428
17 32 0.5531140919541984
39 17 0.574434127448942
17 42 0.6854371425990133
45 17 0.5119317283450735
17 48 0.7061890487141765
17 49 0.5257321458537154
18 29 0.5688429154830423
32 18 0.5240375194943674
42 18 0.564007746938654
19 26 0.5276227126803759
19 29 0.6882755756567323
19 30 0.5301166205837995
31 19 0.7089366629382752
19 34 0.5322425169940437
19 35 0.6816922569301349
19 38 0.8103846935373429
39 19 0.5084608897324943
19 44 0.8841172420970145
19 46 0.7862074281909419
29 20 0.6721660386085346
32 20 0.738671958269653
39 20 0.5686318141063131
21 23 0.5930624009325027
21 25 0.5309339550698555
21 28 0.7876017694849193
29 21 0.889705298250824
21 31 0.7427939700395729
21 37 0.5374523883442728
44 21 0.7920373085858965
21 46 0.554730700580589
21 49 0.6782617204364103
22 24 0.8526878310170638
22 25 0.5827691485001909
22 26 0.8159815557937928
22 28 0.7595277840923391
22 30 0.7476630416215906
22 31 0.5946861817019395
22 34 0.6991897322839837
22 36 0.8764685082306025
22 39 0.5203051347020642
42 22 0.8215462426446387
32 23 0.5082054235252729
45 23 0.701170880418096
35 24 0.9311061264696221
39 24 0.5457492268605537
45 24 0.5955469364442967
46 24 0.7623708893868042
25 38 0.6018803803926498
25 41 0.5987877713043561
45 25 0.5248648168716779
46 25 0.5025892202860172
48 25 0.5475544908432246
27 26 0.6373064692738732
31 26 0.52085722801651
26 42 0.6554418617572528
27 29 0.6093578926351579
28 29 0.6110467560111914
29 28 0.5425684729429456
32 28 0.5328110761872287
28 33 0.5023768695860158
28 41 0.5207437534427015
28 42 0.515114750906011
45 28 0.701793291477254
32 29 0.7593576054757745
29 33 0.5296109125451023
29 36 0.5977312120458476
29 39 0.6122962430513907
39 29 0.5195211216046236
29 40 0.5113680622345671
29 43 0.5310579699219491
29 44 0.714832144198711
45 29 0.5080766048645655
29 49 0.6683185201701289
49 29 0.6380219148166535
30 38 0.798147209887365
30 43 0.5267032592861327
45 30 0.5783500526541073
46 30 0.5902647895737241
45 31 0.8947565358902805
32 34 0.6322845845113749
32 36 0.5664465268622673
32 44 0.6760862481423193
44 32 0.5444270807422356
32 46 0.6032504931495145
46 32 0.6004474246001892
32 49 0.6236006323882106
33 41 0.5690332006289307
33 42 0.5190438931851658
46 34 0.5456641141355538
44 35 0.8562144298529568
44 36 0.8559868974441904
47 37 0.7216443319956449
46 38 0.8370484048357938
38 48 0.7694174533770815
43 39 0.6037814624681102
45 39 0.5138459363225971
39 49 0.6946627926988265
44 40 0.6553503597494075
45 40 0.6073069803650499
42 43 0.7620157993599588
44 48 0.5545937921459578
46 45 0.5382503659948563
45 48 0.569315956070438
49 48 0.5773202047973891
