50
5
4.954160041526533 14.42519300980776 9.160937814654911 5.551767060263371 11.148847827712872 7.915740410713068 13.711683579332625 9.78204967857512 6.904655349579828 12.466254025401671 4.548863551971884 15.587987436547976 9.499151694317082 15.653560371238395 8.326857146294804 14.323028415600191 12.500771083172143 10.871099918297013 11.385204761465985 8.131957976139976 3.6476911569782553 9.266303719917996 4.21854369444258 12.646885922497544 6.114866370499391 9.267686412977678 10.129413541255996 3.3647688360126926 8.702077113620932 5.474552103145964 5.316985624707824 4.2959189108855185 11.328155691919115 11.463617622792935 16.767044308633015 14.759543960081245 20.28421633574989 7.106773852084009 15.681665401658808 14.270684166417425 8.582455917896189 4.8281026431955265 11.407607099451795 7.910450912016762 13.576274086484702 13.013078740134102 6.119142622210806 5.057945112174288 17.297530291523383 11.250246676020437 
0
9 0 0.5418096116050146
1 2 0.5188157100948869
1 10 0.5396646519689825
1 23 0.5710858586817391
1 24 0.5607449528147748
25 1 0.5511298220768729
39 1 0.5263513531486135
2 5 0.5518803670027841
42 2 0.6110318579535747
47 3 0.5150718173486657
17 5 0.6492449096897892
13 6 0.9432460841587023
6 27 0.5553696405087756
36 6 0.7325142043677835
40 6 0.5373284999473456
9 7 0.5209539440603659
11 7 0.5299254178137882
36 7 0.6581670395580972
8 15 0.5770807428563274
8 16 0.5170926612015216
8 17 0.5295068253689452
8 19 0.6348476650468313
8 37 0.6041006269382414
8 47 0.9936987801169426
13 9 0.8504764397960514
11 31 0.556916950441485
11 49 0.5238313313481546
12 19 0.5117812247452287
12 21 0.813932986339718
12 23 0.6378717786088512
13 15 0.6601378398393634
13 17 0.547063725819356
13 22 0.6351880765773341
34 13 0.5733703133869577
13 43 0.6352180816500275
32 14 0.5839238733386394
45 15 0.5008999652131538
17 16 0.7549830293017057
16 21 0.5718243829965974
39 16 0.6002548569336623
16 41 0.6806826781388087
45 16 0.7852071932939797
17 19 0.664070592801872
20 17 0.5226577498974543
17 21 0.7254019128320999
45 17 0.5793540234893744
17 46 0.5906973614416597
17 49 0.5288242952406677
25 18 0.5450417010277449
34 19 0.7531618641389906
37 19 0.6820356565566892
38 19 0.5702490918994882
47 19 0.5293528862875827
40 20 0.6268385544522543
20 44 0.5078541184849594
25 22 0.8538580823992237
45 22 0.5488462700201016
40 23 0.5972955858962539
42 23 0.7188603310258623
47 23 0.5100013201851203
23 48 0.7729635303406832
25 29 0.6140033096664963
25 35 0.6709731484195955
25 44 0.6771158475869312
28 26 0.5940170329944761
38 26 0.5358602771615153
32 27 0.5272265808024852
34 31 0.9047702607240615
32 39 0.5971209147817884
33 37 0.6979129441054996
47 33 0.5210701236499513
34 46 0.5728086446523049
36 39 0.5676729205150949
36 40 0.5468343795288841
36 47 0.7162429644160753
48 38 0.8231271124535697
45 40 0.558706307962872
41 44 0.51722619347115
1
1 0 0.5289235975317155
4 0 0.6707380325525225
15 0 0.572129577548774
16 0 0.7068813062551987
23 0 0.5284978259051518
28 0 0.7793770919277827
29 0 0.5465406821803407
34 0 0.5498265179135957
38 0 0.5558106950572174
42 0 0.7550003785812442
48 0 0.5722905213695098
1 2 0.6448404625333708
1 4 0.5782475428041454
4 1 0.5031905980368545
1 5 0.6010392924473063
1 8 0.5410201001987851
9 1 0.6137297087952693
1 11 0.9509747262954069
11 1 0.584567085481418
1 12 0.598745165520658
1 14 0.9178517044769441
1 15 0.7985307235416592
15 1 0.928602533800657
1 16 0.6883703711874063
16 1 0.6340260747517708
1 17 0.5187518827596667
17 1 0.6556177463021913
1 18 0.6122232935740014
1 23 0.7318085497737862
1 25 0.554442953508794
1 26 0.5037623730772167
1 28 0.5881292667878086
1 30 0.5578165754696228
1 32 0.5307249823187992
1 33 0.7149548515584674
1 35 0.6460911503368865
35 1 0.5209025103760546
38 1 0.5869801290904697
1 39 0.8177868718130447
1 41 0.671849775244979
41 1 0.5075332621050679
42 1 0.6313024809802729
1 44 0.7136629884157065
1 45 0.6897549256368892
1 47 0.5324326280359046
1 48 0.5599618784968405
48 1 0.8424425643740623
1 49 0.6501569213304672
49 1 0.802125261604477
4 2 0.6697694811194541
9 2 0.5290261178359394
2 10 0.7308979236854001
2 12 0.6166019615940002
15 2 0.6462795330910941
16 2 0.51090073961757
2 18 0.6348389876895522
2 31 0.5531215206896376
34 2 0.5998973076932892
38 2 0.6450030298413578
2 41 0.56134147704255
2 42 0.7270291519462568
42 2 0.6550082460862192
2 44 0.5701681064304231
44 2 0.6113772843570002
2 48 0.6691397595850492
48 2 0.6069331241983609
4 3 0.6785611707628425
9 3 0.6428375297369304
15 3 0.755266936615878
28 3 0.502838163215996
29 3 0.7473643331654041
31 3 0.6772072192914951
34 3 0.5560695225820348
35 3 0.5059058313607281
38 3 0.6221352518701346
42 3 0.5276527818683028
44 3 0.990873052050423
48 3 0.6364974083421255
4 5 0.8183962605500965
4 7 0.5037975162677995
4 8 0.5729211997170836
4 9 0.5602031346700259
9 4 0.7833676986899532
4 10 0.7272131203525312
4 11 0.6055633104670953
4 12 0.6628630448526973
4 13 0.5415200936091331
4 14 0.5532419934890953
4 15 0.9110563516417669
15 4 0.6313387744109683
4 16 0.5940163160294307
16 4 0.5174066260452057
4 18 0.5893992870556256
4 20 0.5337969193254699
4 21 0.5993873973987165
4 22 0.6928329597164853
4 23 0.7815658562527898
4 24 0.7763876272407436
4 26 0.5218421376314748
4 27 0.5695912407884957
4 28 0.7174703866574542
4 29 0.6161425982122156
4 30 0.5168374809528966
4 31 0.6075276998449182
4 32 0.6245261482402867
4 33 0.7105313453282117
4 34 0.5786093270303102
4 35 0.6481713184840412
4 36 0.7377577479259102
4 37 0.5810577095189622
4 38 0.7247501624661871
38 4 0.5215693656587829
4 40 0.5688711120468655
4 42 0.7040764339183887
4 44 0.5862956323356892
44 4 0.7462422603058275
4 45 0.5384153606575905
4 46 0.5983395008813313
4 47 0.6177333979237603
4 48 0.7414175338040825
9 5 0.770367227251883
15 5 0.6521829370046
16 5 0.7407717043524846
21 5 0.7032208840931198
34 5 0.8610523188544428
5 38 0.5070861086106448
38 5 0.6512780050068109
48 5 0.7431456109748029
9 6 0.5410559790042071
15 6 0.5925370771447236
16 6 0.6389867096500629
6 20 0.8175572158357725
24 6 0.5462830775908611
34 6 0.7180240144481513
39 6 0.7596374902312422
42 6 0.5160262729729631
48 6 0.527546551386485
9 7 0.5342999251583955
15 7 0.6460782658955925
16 7 0.7820306281012739
17 7 0.9399889184833641
7 23 0.6251113582633324
23 7 0.6389055405199031
7 25 0.7507631646812096
7 28 0.5500485465994123
7 30 0.6003947570444101
31 7 0.6917530196962507
34 7 0.674903634405362
38 7 0.8433304842123979
44 7 0.6507037453485163
48 7 0.6487694130741086
15 8 0.6352416086960788
16 8 0.5698144530081943
26 8 0.6827896534868497
29 8 0.5096932551223203
34 8 0.5733043233625044
38 8 0.6164499531052515
42 8 0.5536031398324841
44 8 0.5654182491233128
48 8 0.7510853351487133
9 10 0.6187011056691556
9 11 0.6726658371839369
9 12 0.6223382603133114
9 13 0.5382157651385324
9 14 0.5052130756781317
9 15 0.5349582704187303
15 9 0.5127925333131418
9 16 0.5411252887250115
9 17 0.5222449389167276
9 18 0.5725213457927241
9 19 0.6468698279215963
9 20 0.7505239354856469
9 21 0.5338745552712791
9 22 0.6107664969266343
9 23 0.5281808286081622
9 24 0.5732140909934877
9 25 0.7482276271516302
9 27 0.6451843698329087
9 28 0.5978427100087421
9 29 0.6014603731585473
9 30 0.5149131668818234
9 33 0.5690640932967757
9 34 0.5956683815457222
9 35 0.64330599863561
9 36 0.5770689812471673
9 37 0.5447867396605448
9 38 0.6843988609809974
9 40 0.6559705193550778
9 41 0.549840593898545
9 42 0.558737163205727
9 43 0.6179488003861228
9 44 0.6292847128867546
44 9 0.5075239886726517
9 45 0.6543066626462056
9 46 0.6505768183604295
9 47 0.5532743757497207
9 48 0.6705971576274048
48 9 0.9541804730892294
9 49 0.6794375419510713
15 10 0.6581019706128282
16 10 0.6297125897512125
34 10 0.6494527279009058
38 10 0.7747670653501955
48 10 0.6369778655213074
15 11 0.5458132398508962
16 11 0.7484534361761559
17 11 0.731617591149502
29 11 0.5607650910228563
34 11 0.6390597430093853
35 11 0.6708654907199854
38 11 0.651591788263606
42 11 0.5064963480895486
44 11 0.710945244664104
45 11 0.965299648918412
12 15 0.5443219997251849
15 12 0.9507388337922662
16 12 0.6247562488545253
23 12 0.6045473688229683
28 12 0.5267974409943703
34 12 0.521457641592483
38 12 0.5553944093443276
42 12 0.5876111218529225
44 12 0.5966289136728884
16 13 0.7806692265442388
23 13 0.6577059485088017
31 13 0.5164965589626751
34 13 0.581269238580562
38 13 0.621962331495153
41 13 0.5657357405243728
42 13 0.7614549416407371
48 13 0.6930378289273449
15 14 0.5964994153910426
21 14 0.7014410152897789
31 14 0.5300645910374653
34 14 0.6262272268395512
35 14 0.5889729519681173
38 14 0.6167178373652319
15 16 0.5734103237303458
16 15 0.9052639065794148
15 17 0.6933686267130463
15 18 0.6863959089820317
15 19 0.6648669028207481
15 20 0.5806204429143178
15 21 0.6430323006307123
15 22 0.5190993542186024
22 15 0.6320390111929761
15 23 0.5164156812726444
15 24 0.5910706139936251
15 25 0.5861251698813991
15 26 0.647465451248525
15 27 0.5808483698973528
15 28 0.5530504444515434
15 29 0.5271790496379065
29 15 0.5397508946585343
15 30 0.5836094837626833
15 31 0.5729606375249765
15 32 0.6420657073695413
15 34 0.6501581716566162
34 15 0.6882132282119653
15 35 0.636591652322863
15 36 0.5492444055462343
15 37 0.5652853483076046
15 38 0.5471097733407535
38 15 0.5812683966018164
15 39 0.6651113866307937
15 40 0.5882637774907806
15 41 0.6206200838928876
15 42 0.6280103065361227
42 15 0.5208256306542749
15 43 0.6173601254263837
15 44 0.5455462125271517
44 15 0.651297660825525
15 45 0.5532788166866905
15 46 0.7607578038173648
15 47 0.7173633021184166
15 48 0.6022987456386508
48 15 0.5715823426010552
15 49 0.6367173451285708
16 17 0.5362196584036818
16 19 0.6417338648958041
16 21 0.7451862405678831
16 22 0.5225140221519615
16 23 0.6716647793048323
16 25 0.5783478448933689
16 29 0.5677482039087978
16 30 0.5433572290789368
30 16 0.5057279380292732
16 31 0.6929374150051277
31 16 0.6775547660185536
16 32 0.5373091221498393
16 33 0.5612445140677964
16 34 0.7226213463799251
16 35 0.5472686214608034
35 16 0.6523815330135692
16 36 0.594573933027545
16 37 0.5689809707826496
16 38 0.5577765072679217
38 16 0.6198582937852224
16 40 0.7823230571566928
16 43 0.535063907039155
44 16 0.5183677342688133
16 47 0.6567677811762828
16 48 0.5527075567072204
16 49 0.5158144951590773
17 25 0.5075735471441014
17 26 0.721246506122438
26 17 0.8769642918158393
17 27 0.6483359825681303
17 30 0.6561605702175941
17 32 0.7792382923262164
17 33 0.6853810106765383
17 37 0.854336459133596
17 38 0.7489093668048232
38 17 0.6090296942076764
17 39 0.8038344354921143
17 42 0.5836655956788488
17 43 0.5291236753614994
44 17 0.9183110942680559
17 45 0.6444946681131636
17 46 0.6391679309117511
17 47 0.6420320496238334
48 17 0.7100212630762293
28 18 0.8705118520937527
34 18 0.5710711970030465
35 18 0.6080082600736852
38 18 0.6030301427773549
18 42 0.703468038117981
42 18 0.626446365288669
48 18 0.7402545248570472
29 19 0.6467421946935481
35 19 0.7392487273150392
42 19 0.6068900226541765
48 19 0.6465211696494799
20 24 0.6104433430796801
28 20 0.679944576208148
31 20 0.5575311756744037
20 33 0.7609417584113898
34 20 0.5962564698423418
38 20 0.6980760118902855
42 20 0.665877534026174
48 20 0.8300779800655909
23 21 0.6563292156819183
29 21 0.7365886608198671
21 32 0.5036637133321269
38 21 0.5717603329837725
21 39 0.5904560941606447
21 42 0.5581662537631862
42 21 0.6338492029224518
44 21 0.6840664295742975
48 21 0.744521884072067
23 22 0.5189366081004503
22 26 0.6133275294675888
28 22 0.7676781276026685
22 29 0.5447620307148635
31 22 0.6199472850041836
22 32 0.670073313330585
34 22 0.5733443838426151
35 22 0.5519231592555008
38 22 0.7305463268438844
42 22 0.7301129324033888
44 22 0.6309876101721537
48 22 0.6741020990088994
23 25 0.5289080775682351
23 26 0.6744173550422787
23 27 0.6131884832263714
23 28 0.5532991298378838
23 29 0.5482252930907641
29 23 0.552716156741329
23 30 0.5632206965943962
23 33 0.5638991788973521
34 23 0.6231091455957801
23 37 0.6477978770355524
23 38 0.5637949528213793
38 23 0.5985407490086544
39 23 0.7054706916975393
42 23 0.5104215221191306
23 43 0.5287180274638741
44 23 0.7797322037693193
23 46 0.6511301157302452
23 48 0.7624551453513331
48 23 0.7468830109847457
23 49 0.5128169356555201
34 24 0.6237276654943399
38 24 0.6277333042161721
42 24 0.7193177020208662
44 24 0.7313488053718187
48 24 0.5973622432385572
49 24 0.6516188358590402
33 25 0.674781662328326
34 25 0.7693023262430507
38 25 0.6423914721003421
42 25 0.6112001348431559
48 25 0.6232048956973811
49 25 0.5942229179041723
31 26 0.5196636815014113
34 26 0.5735527405219633
26 38 0.5869719603700868
38 26 0.7750557364499858
26 39 0.7164234026815348
26 40 0.567041044288489
26 41 0.7997890134719026
42 26 0.7275265180305341
44 26 0.5344916600325851
48 26 0.6174301515289691
26 49 0.7274689760653535
49 26 0.6518975289897826
29 27 0.9526953547557049
34 27 0.7203607330307418
35 27 0.743785431797674
38 27 0.6829874571091297
42 27 0.5882695819047151
29 28 0.5484172805208973
28 30 0.6848760645211077
28 32 0.7003727928368675
28 33 0.5222323332009069
34 28 0.8301187235146396
28 35 0.6212619254233669
28 36 0.5755197019820195
28 37 0.6039665902675049
38 28 0.5447779836408945
28 39 0.6956849620794626
42 28 0.5595507164591883
28 43 0.7612116569513177
44 28 0.9208925754652488
28 48 0.560086803591564
48 28 0.7951359087106697
29 30 0.5334583167522342
34 29 0.5305825646813186
29 36 0.6829401840446623
38 29 0.5967417263726917
42 29 0.630230967877877
29 43 0.589045293943808
29 45 0.5415368609723126
29 46 0.6223835989828348
29 47 0.6194938119460416
48 29 0.6380822269361858
29 49 0.539698496894464
31 30 0.6535101221981428
34 30 0.509908698819876
38 30 0.722722824854746
44 30 0.5429254685064221
48 30 0.5044788444744692
31 33 0.549677384529788
34 31 0.5158668556962527
31 37 0.5235919701725222
38 31 0.531857138090901
31 39 0.5949241484746346
39 31 0.6280543936723928
31 41 0.59996117748556
31 45 0.7183138722622491
48 31 0.5906416543554915
34 32 0.6655671235870011
38 32 0.6509095875654007
48 32 0.5740416020407361
34 33 0.828354027379484
38 33 0.5737802976781492
33 39 0.7520748558136034
42 33 0.629018634379213
48 33 0.6765286290700648
34 35 0.5085081671303027
35 34 0.7857026729881091
34 36 0.6401141942451098
34 37 0.5163133815857921
34 38 0.5265383170076139
38 34 0.7278181333296532
34 40 0.6419453392690913
34 41 0.6072499447830095
42 34 0.7313609155825238
34 44 0.5694547637304446
44 34 0.5073726139137984
34 45 0.5561714911258724
34 46 0.504811984580305
34 47 0.6951148739487014
34 48 0.5346746662629636
48 34 0.6764323356594307
34 49 0.5489088836106127
35 38 0.5402186368388273
38 35 0.5702336913934727
35 39 0.5255398731387226
42 35 0.7268299533501971
35 44 0.8257362048733161
44 35 0.5843809566853682
35 47 0.5116797757825391
48 35 0.5661275655061633
38 36 0.5433789642302198
42 36 0.5023153805097866
36 46 0.5602310087639277
36 47 0.7115037422217092
48 36 0.5972114060730649
38 37 0.5676673696864436
44 37 0.6031022188826185
38 39 0.6732790469859264
38 40 0.6419361136328847
38 41 0.5772965283349705
38 42 0.5355360114975143
42 38 0.5791053008312671
38 43 0.5730280359306626
38 44 0.6501710603213599
38 45 0.5990013515596089
38 47 0.5823012345936761
38 48 0.714871825470486
38 49 0.724441923324965
42 39 0.7318679642975003
39 46 0.6345744912091765
48 39 0.6017475128156798
40 44 0.746957414107468
44 40 0.5352458865484664
49 40 0.8272338334323381
42 41 0.7155812420072594
48 41 0.6027497909732086
42 43 0.8259644661651486
44 42 0.973916220106313
42 47 0.6103134798067418
42 48 0.8632528127094441
48 42 0.6661695496301262
42 49 0.7270541241726075
49 42 0.5041163048430679
44 43 0.677299398010992
45 43 0.504898656318173
48 43 0.640488509884894
44 46 0.508233720225332
44 47 0.7571216313506366
48 44 0.5484897159131824
48 45 0.712597497615853
48 46 0.5629419751438659
48 49 0.8774891086107024
2
5 0 0.6086609718418566
6 0 0.5385578932326283
7 0 0.6349475675353773
0 9 0.6231203170784403
0 10 0.7695449675310171
11 0 0.5264939028980302
0 13 0.5064585609387409
0 14 0.7284844741610657
16 0 0.5107176926697707
17 0 0.5548342525386862
18 0 0.8045016201360278
0 19 0.6357286241168221
21 0 0.7397332391092395
0 33 0.5536497639410904
0 34 0.5591179256226422
36 0 0.5543628390445379
40 0 0.7402908955434343
43 0 0.5617054791225073
0 45 0.512670661185167
47 0 0.6445223165029861
1 2 0.602429559985975
7 1 0.7167409489154807
1 8 0.8017915104710491
1 11 0.6337163972114883
11 1 0.5592717080845611
1 12 0.5960295258674149
12 1 0.5300721062993401
1 15 0.5652447234721962
1 16 0.7419393064606155
17 1 0.5468790210852735
1 21 0.6759872889951335
1 23 0.5628373613354881
25 1 0.6572721404624546
1 30 0.5191354855544421
1 31 0.8703664033623735
36 1 0.6306893744661933
1 38 0.5348342966422366
1 43 0.6189203241338197
43 1 0.8278548594339887
2 4 0.6670972165902155
2 6 0.5331472423583488
2 7 0.5453452372331276
7 2 0.6318356073346545
2 8 0.6202841945265779
2 9 0.5835786375413908
2 10 0.573870235052127
2 11 0.6845320861455048
11 2 0.5255274631092461
2 12 0.6651273391087267
12 2 0.6142817464035661
15 2 0.6167735559893706
2 16 0.5663303673511934
17 2 0.5403576561485968
2 18 0.5095256399023109
19 2 0.5239593665684685
2 22 0.5915756650106281
2 23 0.5711068985773544
2 26 0.5281670841126904
26 2 0.5613140741643576
2 28 0.6672261420186607
2 29 0.6144032620042306
2 31 0.5227034098316372
2 32 0.5540840213579952
33 2 0.6249757297549248
2 34 0.5404037562028692
2 37 0.711866359143922
2 38 0.5271895653503791
2 39 0.5933510134388835
39 2 0.689954230798242
40 2 0.7364575332816572
2 42 0.9322478215599068
2 44 0.6856430987277952
2 45 0.6064676447608452
2 46 0.7356876242437632
5 3 0.5969629529863607
7 3 0.8024696136155289
11 3 0.628994910707191
12 3 0.7110594530830692
3 13 0.5382676249939102
18 3 0.5763506771510585
3 30 0.8320049185762666
33 3 0.665324621866779
3 36 0.6320141095523215
36 3 0.6071499062918617
39 3 0.6756677346803097
42 3 0.8190688998404514
7 4 0.5396393875503671
11 4 0.5148100528486218
12 4 0.5512582506436763
26 4 0.88118351643967
32 4 0.929933924492055
35 4 0.5669636892161172
40 4 0.6002626453199968
5 6 0.5990777643063132
7 5 0.6726147751910587
5 10 0.5532644688264639
5 12 0.5919217462028035
12 5 0.5463333163461082
5 16 0.6315269683417395
16 5 0.6464619232839479
17 5 0.5477737736088226
5 18 0.5493199379364446
5 19 0.6204261250146588
5 23 0.6040576091009591
5 26 0.7188043101249972
26 5 0.5808071350537185
5 29 0.5365333927241054
5 31 0.5486899287849721
5 32 0.7003572455951461
5 35 0.8958980996308163
35 5 0.6016641549720501
36 5 0.6142014837078607
5 40 0.5216330292719422
40 5 0.6258967645170448
5 42 0.6132769879521517
5 43 0.5526918250355197
43 5 0.7303017295898868
5 44 0.9908845978799756
7 6 0.6453831915666242
11 6 0.510024942860136
17 6 0.5176056440495296
18 6 0.5922514513005022
6 19 0.5940157827509291
6 20 0.5239235287175033
6 26 0.8005881209823722
6 32 0.6269580185220904
6 35 0.6466187642106678
36 6 0.5712710358507656
38 6 0.660245894410552
6 39 0.6007840306187862
40 6 0.7450843880904027
6 41 0.6164755178716272
43 6 0.6477759755948911
6 46 0.5215537050514503
7 9 0.635232634569867
7 10 0.6317270132884706
7 11 0.6520635291662357
11 7 0.6755608387195682
7 12 0.5717358992620891
7 13 0.6982046105077866
7 14 0.5644494839068688
7 15 0.6113043201923263
7 16 0.8923108228196004
18 7 0.5251964145594299
7 19 0.5220082507437689
19 7 0.5354064393228368
7 20 0.6185062822040384
7 21 0.5424744196390656
21 7 0.5339172511237857
7 22 0.6372326293304404
7 25 0.525126276781215
7 26 0.6147980579694402
26 7 0.5653096306336935
7 27 0.5892123289443834
7 29 0.7884028232078626
7 30 0.5123778079647513
7 33 0.5674228528657899
33 7 0.7122700307194261
7 34 0.9215715250760059
7 35 0.5299100702943188
7 36 0.5475767943098468
7 38 0.5379597135332266
7 39 0.6133575818410845
7 40 0.6044516872924174
7 41 0.609065670650894
7 42 0.5076157969722691
42 7 0.6762051029327811
43 7 0.525200647370385
7 44 0.6108249839221731
7 45 0.7053983567687904
7 46 0.6167501601063478
7 48 0.6694402286536758
49 7 0.5077191202624907
11 8 0.6501149286973236
17 8 0.5511004882604127
26 8 0.6902324323778357
35 8 0.5781815429996505
36 8 0.7160414838615552
42 8 0.5590044082326828
11 9 0.6264962654562223
18 9 0.549064556932948
21 9 0.6313438268423683
26 9 0.5709770007870651
36 9 0.6541281844534437
40 9 0.5165369718668111
11 10 0.5573219597670082
12 10 0.5348515521073633
17 10 0.5348339182156965
18 10 0.7974608679646382
19 10 0.527962057030809
10 26 0.6058220029677548
26 10 0.7098790994967157
27 10 0.5304043708256021
33 10 0.5074941163949802
35 10 0.5687678692017937
10 36 0.552175028465854
40 10 0.8632409546473745
42 10 0.6878789132374525
11 12 0.7590268639491946
12 11 0.7011443922423917
11 13 0.6279941444719916
11 14 0.7740362848532357
11 15 0.7718543750094574
11 16 0.8026986772524471
16 11 0.510608642581394
11 17 0.541673518546752
17 11 0.6299775047036735
11 18 0.6979215321468184
18 11 0.6282025891376363
19 11 0.6785689666798578
11 20 0.6220609216239753
11 21 0.5006881843754452
11 22 0.5633651686113406
11 24 0.5117178563494772
25 11 0.5570677679035898
11 26 0.6969972555152888
26 11 0.5511208143518275
11 27 0.5453706339209803
11 28 0.6613991888344951
11 29 0.9044678230687986
11 30 0.5849719344328214
11 32 0.5616427606499594
11 33 0.8551138547146702
11 34 0.5536340002075888
11 35 0.5923278176126374
11 37 0.5174563795389755
11 39 0.5397152267814851
11 40 0.9096943486890761
11 41 0.6818705326528659
11 42 0.5976661891572228
42 11 0.8893852884773592
11 43 0.9254266877402215
43 11 0.532935989616609
11 44 0.5146573398176131
11 46 0.5080557737484663
11 47 0.5083681085730076
11 49 0.8653401297205476
17 12 0.7142741322761028
18 12 0.5712909168729339
12 19 0.5650028842730803
12 21 0.543806130183023
12 22 0.5891703594994853
12 23 0.5138029188540645
26 12 0.7337592843252267
12 27 0.5664095638453726
12 30 0.5637797324871001
12 31 0.7423079250303786
32 12 0.5232039387573248
36 12 0.6198364800593162
39 12 0.6929621511882462
40 12 0.7282230345583542
12 41 0.7749138181835593
43 12 0.5053239057182521
48 12 0.9699680102973205
17 13 0.5831253031019001
36 13 0.5710737757879618
40 13 0.9048305722495877
49 13 0.7353594736601632
18 14 0.57971216394261
26 14 0.7823789834879913
32 14 0.5630457331203653
33 14 0.5943748290179778
36 14 0.5342020960234123
40 14 0.7037223418928698
42 14 0.5295022529591986
16 15 0.5147059466660484
15 18 0.5023645595057324
15 19 0.6357896436809616
15 23 0.5557156155963145
25 15 0.5702486479125441
36 15 0.9097051366731328
39 15 0.5832985531344663
15 40 0.7424655572183594
15 41 0.67620716317524
42 15 0.5204151828751717
15 43 0.6470064827194499
15 46 0.5307199246602896
16 21 0.5190941808672118
21 16 0.9777778908376971
16 22 0.5899865570487295
16 24 0.7137138568369301
16 26 0.5294191949851241
16 28 0.5974059884713601
16 30 0.6146643947142116
16 31 0.794421713769037
33 16 0.7023305226907481
36 16 0.6431945002807657
16 39 0.6459220189621193
39 16 0.5174915000648872
40 16 0.5559640187191444
16 42 0.5141572332131084
16 46 0.5266092128657482
16 48 0.5728408588387697
17 18 0.5993851102424663
17 19 0.5400422044507907
19 17 0.6258912779896462
17 20 0.5795275842788414
21 17 0.542941877903284
17 23 0.8125781867672826
17 26 0.5366385215237679
17 28 0.5871842172299191
17 31 0.9062074829097158
17 32 0.717411002487118
33 17 0.728547726323173
17 35 0.5981856168495497
17 36 0.6199232754138224
36 17 0.5077526508914314
17 37 0.6266097408866063
17 39 0.6119064505362042
17 41 0.5024755336788793
17 42 0.5023819886242946
42 17 0.7630808572484498
43 17 0.5722601846603459
17 44 0.5330997473571043
17 45 0.8846550480263495
17 46 0.6104554497822011
18 21 0.5302350081891016
18 22 0.6101230639872401
18 23 0.9765121399492847
18 24 0.6501398126164625
18 25 0.7290058882182997
26 18 0.6773307784514675
18 27 0.593372182909816
27 18 0.8878810611100036
18 29 0.5822292752449814
18 30 0.5925030121693187
18 31 0.5914699357947315
18 32 0.7171463049698077
18 34 0.5677461253675762
18 35 0.5552288427186842
18 36 0.5746616242721163
18 37 0.8782961109051625
37 18 0.5255158262445281
18 39 0.6993019837412393
18 40 0.6248260265572465
40 18 0.501901666745102
18 41 0.5504579486718353
18 42 0.8603512219251443
42 18 0.5257405979119478
18 43 0.5132679039596088
18 44 0.6519798596572186
18 46 0.7370956731142602
18 47 0.5906587645634955
18 48 0.7641365544589964
18 49 0.6865310009121035
19 21 0.7155937059469539
26 19 0.686200847559743
33 19 0.5189210706290854
19 35 0.7316407156321394
19 36 0.5060106114703047
36 19 0.7238833943524521
40 19 0.977667572076625
42 19 0.6431584387840339
19 43 0.6637729575818239
43 19 0.5475937831044522
19 49 0.701004954314089
49 19 0.8283015408343868
21 20 0.7227022383469617
25 20 0.6158766802849802
28 20 0.6381660553134434
36 20 0.639332887353699
42 20 0.8921110081711365
46 20 0.6605828807303638
48 20 0.6329997493298734
49 20 0.5466812376256691
21 22 0.5207969087001656
21 25 0.5410601956634753
21 26 0.592845461908147
26 21 0.5804048920536787
21 27 0.7218443222352009
21 28 0.5506335867580956
21 33 0.7337142721816473
33 21 0.5634848187210209
21 34 0.7124733991397048
21 38 0.608286467875172
21 41 0.5577469457328312
21 42 0.5250228931611923
21 43 0.5635487762443014
21 44 0.8541108855708159
21 49 0.547712073564814
26 22 0.5443146762527467
28 22 0.6946819122132653
33 22 0.6055835741407377
35 22 0.7830799318623785
36 22 0.6795085312152251
40 22 0.693354172141764
27 23 0.5407099068205041
23 34 0.7588633327220858
40 23 0.7140001598018502
43 23 0.7015606585805677
33 24 0.5254767587506528
40 24 0.9031296077063682
47 24 0.5385534309376663
49 24 0.5413297879126663
26 25 0.5134446877658974
25 28 0.5255423263720729
25 31 0.6977175613889661
25 32 0.7481557495305518
25 33 0.7948522716687848
33 25 0.5671721832365979
36 25 0.5910370980885293
25 37 0.5878907193418987
25 38 0.7593305470038584
25 39 0.7224426655862917
39 25 0.6610378068287577
43 25 0.593877513898623
26 29 0.5940161712205587
26 31 0.6683465877393666
26 33 0.6987195227671241
33 26 0.8041083340463029
26 34 0.6418464447888399
26 36 0.6006283088711384
36 26 0.6308036607274793
26 37 0.5713173620378582
26 38 0.6879768822417454
26 39 0.6716244049314124
26 40 0.567490820356912
40 26 0.7971893323937074
26 43 0.5392891585648165
26 45 0.7490889231271203
26 49 0.6561475570336779
28 27 0.8877440051284939
27 29 0.5191789341219091
27 34 0.525815733357992
36 27 0.5117715395898585
37 27 0.5118030565270832
40 27 0.7146585984444123
43 27 0.5146295299687431
39 28 0.5857203463375583
42 28 0.6605525849765423
28 43 0.5702349762817802
28 47 0.9470108141803144
49 28 0.6197963491089753
35 29 0.5979473357961353
29 39 0.5474949904905009
40 29 0.5465765629104931
43 29 0.5328931524884113
33 30 0.7022542442260844
36 30 0.5770978758927491
38 30 0.6361484368396393
40 30 0.7087310907519752
43 30 0.713783394430681
33 31 0.833431068246691
40 31 0.5189980662589557
36 32 0.7788843278348463
32 41 0.6586434539706398
35 33 0.5495464621283535
33 38 0.5185633529206396
33 41 0.7271086766903248
33 44 0.5535307409216763
33 46 0.7498451563254263
35 34 0.6935555663714559
36 34 0.677470726364067
39 34 0.5619335810433295
40 34 0.5271790488352988
48 34 0.5832195311902695
36 35 0.574671574715875
35 38 0.5050652177587904
35 42 0.656762445938925
49 35 0.5558562743015831
36 37 0.6720283394693567
36 38 0.752220758040052
36 40 0.5442250130541986
36 41 0.5872199066201148
36 43 0.6338491268849107
43 36 0.5794772199250209
36 46 0.7623645670964165
36 49 0.7697959075118843
49 36 0.67702776842734
43 37 0.5603912429883084
49 37 0.596224798529779
40 38 0.7327146958881899
43 38 0.6162665335445595
39 41 0.7266226492763774
39 47 0.5193809166554912
39 48 0.8726609712780693
49 39 0.6039329254661397
40 41 0.5869037421563581
43 40 0.7792667390307655
40 44 0.5387523404635013
40 45 0.6054877571228703
40 46 0.6801446171710316
42 41 0.7270407658281065
43 41 0.6389796235897522
42 46 0.5682772332246011
42 47 0.5112051383653178
43 45 0.7462517880333408
49 44 0.519261375673252
49 48 0.7042202353610152
3
0 3 0.5060513452636723
0 8 0.5345116573408735
0 9 0.5428023943489877
11 0 0.5183862551508172
18 0 0.5099066530429877
0 21 0.5040817842278125
0 22 0.8318575119296097
24 0 0.7841256727473225
0 31 0.5347645806199792
0 32 0.6878672711744338
33 0 0.5912802632405891
35 0 0.5867037252600766
0 43 0.6359782954311719
0 46 0.5059898255381927
1 6 0.8740985550990725
1 10 0.7036917335809367
10 1 0.6912747214127606
12 1 0.5646443391499927
14 1 0.5246776476443307
16 1 0.6016879608905428
1 17 0.625269478258541
1 21 0.6535890755324572
1 28 0.573650377428865
1 31 0.6419011462355468
1 32 0.5407146232157236
34 1 0.820279664071794
35 1 0.5418198994477794
39 1 0.5112432427725093
48 1 0.7164521150975638
49 1 0.8311248979988557
5 2 0.6062839239156173
6 2 0.6220612511691326
12 2 0.5645057460065943
2 15 0.6255762849140671
18 2 0.513916599973228
21 2 0.7727819584605973
2 24 0.5843764173510202
24 2 0.5341441656314692
2 27 0.6435694068154496
28 2 0.5639222610670642
2 48 0.524565881137333
9 3 0.7550528979631712
16 3 0.7078339688597488
3 19 0.513947895258982
3 21 0.7326610565614882
3 26 0.5375037093517709
28 3 0.5922669168461849
36 3 0.9386241896270564
3 37 0.7793805314678592
39 3 0.5071923354917671
3 43 0.5008269660611084
49 3 0.5423026523294734
11 4 0.8623126692326686
13 4 0.8031369481834272
15 4 0.6979092576451738
18 4 0.9579859095690051
21 4 0.6939986004603758
23 4 0.7844201555517794
35 4 0.7264864421235535
6 5 0.5746122588048301
5 9 0.5851435855614471
9 5 0.6154089156746094
13 5 0.685396387870763
14 5 0.6149909306090271
5 16 0.8179179339555527
5 19 0.6176513972933542
23 5 0.5137892255911449
5 26 0.5279555460390375
5 27 0.7445477341005011
5 28 0.7036836710164738
5 29 0.5612437222422069
29 5 0.934634764662226
5 34 0.5248709997632981
39 5 0.5538342891228427
5 43 0.6165198460720138
49 5 0.6785664012739158
8 6 0.5033208206999489
13 6 0.622997450501038
6 14 0.7030157304497655
6 15 0.5622121708449752
6 16 0.6172971488303143
6 22 0.5761769493519788
6 29 0.766712059130206
6 36 0.5149790810494148
36 6 0.673736234683844
6 37 0.6434915882821208
39 6 0.7653344868401997
45 6 0.6325881262245048
46 6 0.5129714396324805
6 49 0.6117446512747917
49 6 0.7481567127477127
9 7 0.5448788396249253
15 7 0.6288910853818548
18 7 0.5289357301391266
23 7 0.5858858583581092
24 7 0.8825788236820322
28 7 0.5134433771896654
7 34 0.6269800600394795
36 7 0.5191737725427044
44 7 0.9907532345484693
48 7 0.5434909175710565
49 7 0.7079352454800363
10 8 0.6187371278069147
20 8 0.5217927067527015
22 8 0.6400168053931425
28 8 0.5073484864399782
8 38 0.5854510915015194
49 8 0.8542946976083792
9 12 0.5533427447567274
13 9 0.5235390606749895
21 9 0.6929279211490804
9 22 0.5725477254964852
9 24 0.6191263915588883
9 27 0.5613956684385455
9 31 0.533381029223368
33 9 0.5035967865404105
34 9 0.9826600908612859
41 9 0.5846850820032778
49 9 0.6694834491307811
10 18 0.5051561026570706
10 19 0.5258456295377245
20 10 0.5479230820661016
23 10 0.6695457698549149
10 34 0.5663866106764353
10 42 0.5010270482652506
44 10 0.5364821076802668
49 10 0.5880469534485426
11 13 0.6852864568945866
11 14 0.6031533263290587
11 15 0.555766924308676
11 19 0.5438598353737918
24 11 0.5912440459519968
29 11 0.6390558192444948
11 32 0.6214199941857823
11 33 0.6502523041115307
11 35 0.5359147135874189
11 36 0.553383542283093
11 37 0.5391355830648903
38 11 0.5772581746754288
11 42 0.5143921390900745
11 47 0.8016599739348508
49 11 0.5096931936074978
12 13 0.5433187430885258
18 12 0.9929215003700773
12 20 0.543731257282756
12 23 0.5364325682795592
12 27 0.6292041593871256
12 28 0.5466692834652074
12 29 0.5644223777288169
12 36 0.5111384033726938
36 12 0.5568245242945797
12 42 0.5191965170640733
12 43 0.5687764827966422
12 44 0.6142419852756328
13 17 0.5893678627236363
13 21 0.5401557473749332
13 22 0.7151027083448229
24 13 0.7517741766924273
13 25 0.6282218239304361
33 13 0.6461702061827233
13 35 0.5012369579926688
36 13 0.5799727647960173
13 39 0.7321767303340242
13 46 0.759772523493567
49 13 0.5864205898921562
14 23 0.674320099481095
14 30 0.9626024517878164
14 31 0.6041454290223573
14 33 0.72209037699998
34 14 0.5394088357225431
36 14 0.6347668770620005
37 14 0.8673291294969359
14 40 0.7444832141937066
14 43 0.504663002894578
14 46 0.860912304706968
14 47 0.5570912010335292
15 28 0.5289951014101006
34 15 0.5552589491585587
36 15 0.5669273344591468
15 39 0.5074957743178701
16 20 0.559688529284236
16 21 0.7310775612807123
23 16 0.5102202893353478
16 42 0.5364588344143653
21 17 0.5369842793914228
22 17 0.5303449876621289
24 17 0.5995303845596613
29 17 0.5040896587442723
36 17 0.6861090692121596
49 17 0.5278243810687768
21 18 0.5064814870695824
23 18 0.6574677204735921
18 24 0.6353383685429781
18 28 0.5602005143913542
18 35 0.5266365226287495
35 18 0.5279298271327644
36 18 0.5431274301678908
18 44 0.5496342008006421
45 18 0.8513123602469299
46 18 0.527441565685822
18 47 0.6740110756400935
49 18 0.5165208536620225
19 21 0.6771553011442726
28 19 0.5143373433307266
19 35 0.6173301971317058
19 47 0.522020553492849
49 19 0.7617910076966229
23 20 0.5135511842288993
36 20 0.5861719169943426
41 20 0.5084331628512557
49 20 0.8185643697798861
21 23 0.5495826182536084
21 26 0.5240832374413176
33 21 0.555800041426024
21 38 0.5741970663997271
21 43 0.5541113119376087
45 21 0.5999528853869589
21 47 0.6056094085566732
21 48 0.6849768247359651
33 22 0.5146509101532271
34 22 0.6110016299819705
22 35 0.768984940897206
36 22 0.5739315998907536
23 24 0.6211033984776217
23 27 0.5606239093555532
23 30 0.7314813692748565
23 31 0.5391631859845911
23 33 0.884732643560125
23 34 0.9123651649130182
23 36 0.5010392446917509
36 23 0.6513967309730258
23 38 0.6292976414923817
23 39 0.603934673078321
23 46 0.5587600694404182
23 48 0.6205486146078281
35 24 0.5125723259939046
36 24 0.5068464377365001
38 24 0.5318858616422109
45 24 0.6359233274925273
35 25 0.9244618101664817
44 25 0.7771351653272931
49 25 0.938121984177211
28 26 0.8038618802365547
26 30 0.6545532083145644
33 26 0.5457412327092752
36 26 0.5708724531829714
45 26 0.8401757953613782
35 27 0.656865787642622
38 27 0.8014186137412433
41 27 0.9923017276754797
48 27 0.5738927575691009
49 27 0.5456452540603179
28 29 0.6257323600876139
33 28 0.705686599498454
34 28 0.6481465157902748
35 28 0.8696558714061564
36 28 0.5447868991866578
41 28 0.505745175261118
28 45 0.6656983063005675
45 28 0.5170785109601652
28 47 0.8457046913571205
49 28 0.5782308425413365
29 41 0.5248497314349081
29 43 0.6024204422298178
45 29 0.7441611395873371
34 30 0.5274288976246064
36 30 0.6906568764924135
41 30 0.6519420214534728
49 30 0.8035630349193887
33 31 0.614743249346789
35 31 0.5294686965181916
36 31 0.5561634105915796
36 32 0.6004936125140907
41 32 0.6670283657752853
48 32 0.671522321529739
49 32 0.5107733839540074
33 34 0.6600786097131814
34 33 0.6524378507782658
33 37 0.5945992738871471
33 40 0.5449594427090603
45 33 0.5300890321923617
49 33 0.9178288862544433
34 35 0.8845091269852068
34 36 0.6879863293985544
36 34 0.6067854843674594
34 41 0.5628060274641387
34 42 0.7490421520104138
34 43 0.6532723334861565
34 45 0.5720879909969474
34 47 0.5361825817032093
35 38 0.5054163899407265
35 39 0.5601239047143103
35 40 0.9256332876374325
35 41 0.5192509829525249
35 43 0.5521537003025323
45 35 0.5463573431427102
35 46 0.7177998532726001
49 35 0.7287703418072009
36 37 0.5597885248953136
38 36 0.7767341212070902
36 40 0.6986717910302698
36 41 0.7332674074978233
36 42 0.6875408408878172
36 43 0.5321638888753364
36 44 0.5539243636182092
45 36 0.6243421978194423
45 37 0.8147768217485127
39 49 0.5383317131674816
41 40 0.6453007681956897
49 40 0.6014028645897158
41 44 0.5633518877939547
41 45 0.8698871809223963
41 46 0.5926507828749781
49 43 0.6559331927968695
44 46 0.5304721135207919
46 44 0.5269432402019991
49 45 0.5232058151133516
49 46 0.5739169571124823
4
0 1 0.5649619524350893
3 0 0.8053535282048834
7 0 0.5014772982675875
0 10 0.8271399994553434
0 15 0.7639731255405104
0 20 0.9070367753302566
22 0 0.5884853102291574
0 27 0.5463580125652172
0 36 0.5277035244674417
39 0 0.744401999396546
45 0 0.6213833867713163
6 1 0.5134766646509985
35 1 0.6650000126203788
19 2 0.5878047938703088
25 2 0.5036804324480926
35 2 0.514148987175052
2 36 0.9890002820390431
39 2 0.6779509787271636
45 2 0.556554852518419
46 2 0.6481750579350645
2 47 0.5171604748355747
48 2 0.6488873845943577
3 7 0.559181833640781
3 8 0.5254261152550923
3 12 0.5102118069314623
23 3 0.9301199305700873
24 3 0.7236355306677741
32 3 0.546539047912658
3 39 0.5677591331670646
3 40 0.5330996215448627
3 46 0.934281701712474
6 4 0.5158098671384976
4 9 0.5643187189037198
4 11 0.6600210281831471
4 19 0.5688387851963752
4 26 0.7760801057043072
30 4 0.6596744424782692
33 4 0.5027424538099095
4 43 0.7656998062249831
4 46 0.5650892981715252
4 49 0.6200769335004648
13 5 0.5757830637134798
30 5 0.5381105520033118
32 5 0.5618172547562343
48 5 0.5136984409873944
6 7 0.5177233018769767
6 28 0.6664013022102633
6 30 0.8272373902406207
6 35 0.6088169457787183
6 40 0.6361778856643404
6 43 0.7254910515320185
48 6 0.6716219766478235
12 7 0.6057355573440668
13 7 0.5889846838418529
7 17 0.8836568742349724
7 23 0.5288377882555568
28 7 0.5162159446884773
38 7 0.534284732680351
39 7 0.6881372538912931
44 7 0.6115758231561459
14 8 0.9867943903002374
19 8 0.5894835902943538
24 8 0.628585302398059
33 8 0.5195117520707426
35 8 0.695857759896084
37 8 0.5027314280401669
13 9 0.541147111543103
22 9 0.7387939304874098
32 9 0.6719903101769724
33 9 0.9747632220790012
44 9 0.9283944022378097
48 9 0.5282419618954246
13 10 0.794921708353703
32 10 0.664088071885844
36 10 0.5303002927539673
44 10 0.5237298580694907
46 10 0.5016267250466155
11 18 0.7576963397651988
11 21 0.6618420392917528
26 11 0.8867470156677595
28 11 0.5254710022686397
11 31 0.8798534740858837
11 45 0.5763603774160431
46 11 0.5879178556279483
48 11 0.7808533516123646
31 12 0.7791584365697337
46 12 0.5930554167558071
48 12 0.7880888587330697
14 13 0.6365856333647477
13 16 0.6207163248430181
13 17 0.6123338636091558
13 25 0.5696055780315885
13 28 0.7024631503251483
13 30 0.5115593160780756
13 33 0.6825111538165333
13 34 0.6587299770160324
35 13 0.5034770878410204
13 37 0.6907736445771435
37 13 0.522792957610761
13 39 0.5928317433718291
13 42 0.534680736826344
13 43 0.5017225594565682
44 13 0.5898134613148597
13 45 0.6927261471461386
13 46 0.5744036329655093
14 15 0.5323929638846445
14 17 0.6448430626380057
14 18 0.573246341428014
14 24 0.5051213953335707
28 14 0.7015144506255528
14 33 0.7635455870486025
35 14 0.5181716791234572
14 38 0.8871362306447155
14 40 0.6765234361205539
43 14 0.5642903706485694
15 24 0.5340061190047345
32 15 0.5119001760863611
35 15 0.5714045867917932
36 15 0.5316830951670726
15 38 0.5142109570270814
38 15 0.5134276823379418
45 15 0.5009611419942093
19 16 0.6921941864433876
30 16 0.6605791354845258
33 16 0.5653816730447319
35 16 0.514069324252532
38 16 0.8859977692249787
45 16 0.5187933154580068
46 16 0.6990787550633277
32 17 0.6008261736452283
18 31 0.5509502411600076
32 18 0.6037811600157112
33 18 0.5386396116239991
18 35 0.5903973657773953
35 18 0.5072290042006047
39 18 0.7413041204215325
19 23 0.6051038440777965
28 19 0.5299245515120721
32 19 0.5245770017791496
33 19 0.5290787946391744
19 34 0.5148097563052112
38 19 0.5566296519783007
44 19 0.5444303958941255
19 45 0.6724827231694745
28 20 0.6047561212113279
38 20 0.6291023393970605
35 21 0.5256183667438861
44 21 0.8891939546489227
45 21 0.6529295059222824
21 47 0.5225977818284435
22 23 0.5737422741042661
24 22 0.507004634577018
32 22 0.5698804980829277
35 22 0.6519783781706452
22 47 0.686981132378665
30 23 0.5430994906733111
39 23 0.6871361322609393
45 23 0.5181791942196603
46 23 0.5560737004711662
24 27 0.9462953643715255
32 24 0.5267980768631424
24 35 0.6106550668839137
35 24 0.5002737798454358
39 24 0.8788983208523247
24 42 0.895496546403272
24 47 0.6644435358275786
32 25 0.5117786898736532
38 25 0.7284871711695016
25 41 0.6552611209984085
30 26 0.9561864018123962
32 26 0.5536493584806725
26 39 0.5287735285031483
43 26 0.6708078077210524
27 28 0.5337749319731413
35 27 0.599225047884338
45 27 0.5455650849370417
30 28 0.8993213869432817
35 28 0.7646902813076248
28 36 0.5562390352565612
28 42 0.5746681717848159
44 28 0.5119187564892138
30 29 0.5505772131050424
32 29 0.5086062240896851
29 43 0.5073450227977485
30 31 0.6747353092061144
30 33 0.7610334059525774
30 41 0.648060151607603
30 42 0.5703549429440375
30 46 0.6493881064971112
32 31 0.5150081850762334
33 31 0.9516843366234509
44 31 0.6460207003391784
31 48 0.5136798335754176
32 35 0.5199867410305655
32 36 0.6089676957825999
36 32 0.5779207298242663
32 37 0.9267829056561163
37 32 0.8237712752581838
38 32 0.8311432536183794
32 39 0.589830789095311
32 43 0.5923405690769078
45 32 0.5738803417417251
32 48 0.5604152569372745
38 33 0.5945125476536919
39 33 0.5265918909837934
33 40 0.5813176067215228
33 42 0.548110285925991
33 43 0.5757304714667004
45 33 0.5214994036332303
46 33 0.6020125544143842
33 48 0.6871109583896295
37 34 0.5825666220001353
45 34 0.5024657722963031
35 36 0.5517307192383165
38 35 0.5723370664681194
39 35 0.5444803558076647
45 35 0.5863264233173411
35 48 0.5761057478104421
36 38 0.5476400483933341
38 36 0.5297463191844443
39 36 0.5415219826284372
36 40 0.5339704229039179
46 36 0.7336455466107303
37 38 0.5972772177804364
44 37 0.8287534331058788
37 47 0.5048038331979976
39 38 0.9342078172158237
48 38 0.6567263935326617
39 41 0.6208864326834587
44 39 0.7130249478655786
45 39 0.5200832277799279
46 39 0.6482354519837941
39 48 0.5772320618033504
39 49 0.5356899225800409
45 40 0.5578124903983162
47 42 0.8204859712394623
45 47 0.7966810489893396
48 45 0.5073404722838653
46 48 0.6708680716861011
