50
5
14.579868241912283 2.037013474860095 4.270106416095645 10.40601843655474 13.450957607626194 3.115292284754613 9.124370789296858 6.092980087260337 5.337609940790544 20.321538614341357 11.160713078395002 11.59641483403433 6.841341061274093 14.580276342765188 2.9271848460803644 13.16861210421927 10.363228814252059 7.088917153537889 1.8636356516416068 8.337140662818713 14.861266937480703 18.147715958397672 9.025383241385681 9.897646594531977 7.649643427476008 10.095444403868763 2.004390067390825 10.63071509193177 8.025675589002926 11.212843554973208 16.742764855097022 16.651867746283695 7.964087925439844 14.786288815832256 10.153757681505661 4.4445835482678975 5.618767560054691 8.036827729725072 7.920786783257093 7.194251981197982 6.445441197994327 5.2814024135497775 9.017273200147235 4.481533856494951 27.42212584764966 7.7028725188181415 14.59279696146741 6.824484866012523 24.530083348678662 15.974055853575436 
0
8 0 0.6387900290692452
12 2 0.7918681120292368
2 13 0.5458194484177525
24 2 0.6145393907242067
2 42 0.5140608384307919
3 4 0.5857010797278539
3 24 0.5154558730524934
3 35 0.6800552560942374
3 41 0.7492663767271395
21 4 0.7799279396828065
31 4 0.5449739689160369
4 44 0.8534003330707542
29 8 0.7065157179308086
8 30 0.6036345479259007
45 8 0.702570569852486
9 23 0.5220750924799245
16 10 0.5845744673007682
46 10 0.893741775105128
15 11 0.5321395823954134
11 17 0.5037871201475754
11 19 0.5027040459679364
11 30 0.525479540418438
11 34 0.5750733075196617
12 27 0.697235424307233
46 12 0.5545079997915245
16 13 0.5653099749839996
14 47 0.5423354663318796
15 34 0.9256800754821874
48 15 0.536020550050293
21 16 0.567713917885363
21 17 0.5694318455093781
17 43 0.5791830138496004
19 44 0.7207534926236936
46 19 0.564879969461199
19 47 0.6467775853162485
21 20 0.5717013436310863
21 24 0.5488028867023453
21 39 0.5270393002602263
21 48 0.7803054421118674
32 22 0.5194533390400977
31 23 0.6563419287246746
49 25 0.5531187810423914
33 28 0.522727665578218
49 30 0.5111528057558228
31 33 0.8271733661210499
31 38 0.9899274645698513
31 42 0.5212960030325711
32 48 0.6582199497508936
33 35 0.5923870333183399
44 33 0.5546847840361893
44 37 0.5624045998835336
49 38 0.8457722064800812
46 40 0.6111703085679561
44 41 0.6630036807811122
49 42 0.5436228382422703
49 45 0.8103934607825214
1
0 4 0.5616996577837732
0 5 0.692181096799942
0 6 0.5392226515463805
0 7 0.5917128057795822
0 8 0.6943053494057796
0 9 0.7030262489594954
0 10 0.7013186437631246
10 0 0.5047087984030205
0 11 0.6487063399907276
11 0 0.7661722303464569
0 12 0.6814967225617258
0 13 0.8783296558807929
0 14 0.579211562049305
0 16 0.6425440223618768
0 17 0.5479292222888411
0 18 0.5905363775585625
0 19 0.9947219028032503
0 21 0.7618169550794004
0 22 0.5641603663419241
0 23 0.5539639411919408
0 24 0.6287720913105557
0 25 0.6436439781543937
0 26 0.6952085122899289
0 27 0.6187378641479564
0 29 0.5553610519263332
29 0 0.8327921480975473
0 30 0.627732703186966
0 31 0.7751249667724067
31 0 0.6227422508753439
0 32 0.7595461464952716
0 33 0.7204535894095655
0 34 0.6612500550499985
35 0 0.6133397889523307
0 36 0.5903052543853512
0 37 0.6849348808254311
0 38 0.5624516990522017
0 39 0.6417387911611189
0 40 0.8130024210373321
0 41 0.6453363967044439
0 42 0.7663061336401811
0 43 0.6254218454642928
0 44 0.6923548276333596
0 45 0.971046432895365
45 0 0.5871218509144265
0 46 0.5610424770857858
0 47 0.9359932998559748
0 48 0.6915281325422991
0 49 0.568185862320485
10 1 0.6552811634534685
11 1 0.504181170262167
12 1 0.7114854531435177
16 1 0.6088393230449818
31 1 0.8302147369633075
35 1 0.9327639233839387
49 1 0.5435550679944834
8 2 0.5055624031650185
10 2 0.5659261122183978
2 15 0.5240708770522222
2 17 0.6647400586701957
2 20 0.7327918421917401
2 21 0.679166536084528
31 2 0.6660134718572568
2 36 0.5169070100740438
36 2 0.7595247672338434
2 43 0.6027749446244715
49 2 0.8798003389282423
3 7 0.9448025515588112
10 3 0.5774264925046041
16 3 0.6946609129361552
17 3 0.8533800647543675
21 3 0.5536992884437173
3 26 0.5807485364156755
31 3 0.6629614055103953
42 3 0.7400728625200319
44 3 0.6102376271915739
49 3 0.5412156149097151
4 5 0.6901069473742569
4 8 0.5296928135747708
8 4 0.669117742432654
4 9 0.569749360254298
4 12 0.7058116977094775
16 4 0.9094188120538949
17 4 0.6511569128901742
4 20 0.6309613833726209
4 22 0.7345519359828794
4 26 0.6956931116224736
4 31 0.5776320261651635
31 4 0.677992359933238
4 32 0.6885733984154716
4 34 0.6942807340943955
4 35 0.6596997755593952
37 4 0.6407644921428358
4 39 0.5483728406407753
4 43 0.6188888224745135
44 4 0.5573311008000089
4 45 0.5148366347957489
49 4 0.5632045248757289
7 5 0.5959912401297978
11 5 0.5228441387738589
17 5 0.5376318409723109
31 5 0.6627456355969215
43 5 0.5965716055844772
44 5 0.6544050238296909
5 48 0.6017267446383152
49 5 0.5848506787150322
10 6 0.5666163998783305
11 6 0.5116344047217916
17 6 0.5638626512325473
31 6 0.6753086181327439
37 6 0.8040046516732227
44 6 0.5651883188797849
46 6 0.5080681145672927
47 6 0.5031480305078821
49 6 0.6980583432448979
8 7 0.7344534959036972
11 7 0.5303188048710319
7 12 0.6428318874966288
13 7 0.5079991449643726
17 7 0.5809159818289502
7 27 0.8631367388452686
7 30 0.717014084468435
31 7 0.5648444101339366
36 7 0.6237514291078441
7 40 0.5986317956833653
43 7 0.9465354000575172
44 7 0.6281372762911233
7 47 0.6317022702761874
10 8 0.5191380487534686
11 8 0.5611881349528152
13 8 0.6291067848744409
16 8 0.9403977243008597
17 8 0.6353597364737569
8 26 0.7528703654767375
8 27 0.6738951048492341
31 8 0.5182499712366484
35 8 0.583356055378744
8 37 0.5473164869722955
37 8 0.9041226789850461
44 8 0.7403194981657315
48 8 0.5107837358491655
49 8 0.7626701892114418
10 9 0.8956482935938386
13 9 0.520619759608949
17 9 0.5699336648656175
18 9 0.52314909728243
36 9 0.6191267943978964
37 9 0.8022020605634956
42 9 0.533734038362115
44 9 0.5751464660183597
48 9 0.6332810843053605
49 9 0.5606222067055967
10 11 0.5337635120268727
10 12 0.7120602387239772
10 13 0.7133175089431533
13 10 0.9035929279955395
10 15 0.5472665704411315
10 16 0.5247381946229224
16 10 0.5678603772211837
10 17 0.5906680837488452
10 18 0.55290561859545
10 19 0.7620907574782436
10 20 0.6548552181094167
10 22 0.687871807688358
10 23 0.5326835761772606
10 24 0.7264218597224468
10 25 0.5412986912820855
10 26 0.6182444575902288
10 27 0.6616653921801597
10 28 0.6068749097249421
10 29 0.5223416097001305
10 30 0.5374573734777022
10 31 0.6156390496429288
31 10 0.9500539002086066
10 32 0.5183284841608574
10 35 0.5482136538601585
10 36 0.7997191558384502
36 10 0.599767822449473
10 37 0.6885305165602535
10 38 0.6751332160196418
10 39 0.6316851243335263
10 40 0.70192302334607
10 41 0.701824324343987
10 42 0.7496529656691431
10 43 0.6758316617960182
44 10 0.5527613515627063
10 45 0.7206465674290291
10 47 0.6318301684323828
10 48 0.65180575932328
49 10 0.6480501300892224
11 16 0.5046108609354072
16 11 0.5008368375099397
17 11 0.5514907699074469
11 18 0.6061903133731767
20 11 0.5957594667712973
11 26 0.5983610588224682
11 29 0.6128869083375779
31 11 0.5661949711398794
11 35 0.7352015498122044
37 11 0.5614016736552612
11 38 0.5200388570550061
11 44 0.5766203584736294
11 49 0.5871897531286798
49 11 0.5450636016406603
12 16 0.633170871919543
16 12 0.6369987527750105
17 12 0.5338200214310773
12 22 0.501842781769317
31 12 0.6103449183709198
12 37 0.6701703977273188
44 12 0.621004794070786
12 47 0.506604123780436
12 49 0.5759191991564612
49 12 0.5766023441629479
16 13 0.6914641960320096
20 13 0.5618558258710846
13 24 0.5720868719665559
13 25 0.5311025098756466
13 26 0.6151245358146715
13 30 0.7486795146175755
31 13 0.5181019202477466
36 13 0.5517390138476916
37 13 0.6086985577255581
13 41 0.8821330983034044
13 44 0.868283779025419
44 13 0.6223215340085938
45 13 0.5592455733647131
13 46 0.603149441682169
13 47 0.5508598013337227
13 48 0.5752342475813799
49 13 0.5408803103733911
35 14 0.6082250987773365
37 14 0.721557834821815
38 14 0.5840122224278521
43 14 0.6381881696359484
44 14 0.5732064966559031
49 14 0.8323208337666217
16 15 0.5061159113776386
17 15 0.5782010145492401
29 15 0.5966521578686308
31 15 0.7300711275756091
35 15 0.6843684189146803
37 15 0.5814311436992328
42 15 0.5703975344876793
44 15 0.5630081585419244
47 15 0.7703380422814072
49 15 0.7089369906372499
17 16 0.5547016655935053
16 18 0.5554391632802533
16 19 0.5814543914049982
22 16 0.5397184542507285
16 24 0.5360375470940013
16 26 0.5580549902499619
16 27 0.6190435787202557
16 29 0.5291734902886618
16 31 0.5465284204346843
31 16 0.5224477147620326
16 32 0.5961709540161183
16 33 0.6948729470942927
16 35 0.5874205107935456
16 36 0.533260401235321
36 16 0.675029926068381
16 37 0.6176783660861105
16 38 0.5114259760478734
39 16 0.6609685225439839
16 42 0.6662241579310477
16 45 0.6899200605982785
16 46 0.7154770154204945
16 47 0.5913695980064988
16 48 0.771482043760608
49 16 0.5534487690090961
17 19 0.5644065551465768
17 21 0.9803277589131909
17 22 0.6649179123507427
24 17 0.6318296647794026
25 17 0.5906136237038604
17 27 0.6787268393545813
17 28 0.9087368512763792
17 29 0.7350968449417874
29 17 0.6382277008686155
17 31 0.6351593487283181
17 32 0.6696572922533826
17 33 0.8385988342377062
17 34 0.5098123427485544
17 35 0.6752746549691548
17 37 0.6684553639237272
37 17 0.6190100899171069
17 38 0.5495591606719388
17 39 0.5467042950423413
42 17 0.7373276800940254
44 17 0.5138285049701394
17 46 0.8350825291169564
17 47 0.6797631074682702
49 17 0.6824798089258708
20 18 0.5507764810022207
24 18 0.6519231225745674
29 18 0.6070042204807908
31 18 0.8285673608396273
37 18 0.6102890274786184
18 41 0.9597725875008876
44 18 0.6979759352384406
20 19 0.5115032957053418
31 19 0.5521726022083124
44 19 0.704350761552913
48 19 0.5598101447155215
21 20 0.5269597178087878
24 20 0.5273617740398429
29 20 0.5936048962362732
20 30 0.5306505858636958
20 31 0.5232996177713962
31 20 0.510414468111636
20 32 0.5498462105197581
20 34 0.5251013865898535
20 39 0.5344259726960598
20 41 0.656848273308812
42 20 0.7196449346204594
20 43 0.6059847581032214
43 20 0.6667966822067355
44 20 0.5422421836506095
45 20 0.5945530473896754
20 47 0.5247505616295858
20 48 0.7429347968681324
49 20 0.7074075116349199
25 21 0.5022264678088948
21 27 0.5295754961018821
21 28 0.5671455231688214
39 21 0.5171741341602292
43 21 0.574097450947747
44 21 0.5151179425817966
21 46 0.5941409078595279
49 21 0.5765300806750742
24 22 0.5273807919940257
31 22 0.7631454959454258
37 22 0.7036925177106721
45 22 0.6163315670839342
48 22 0.8322198253004254
49 22 0.6358618080736065
31 23 0.8617112495794457
36 23 0.5936431883613145
44 23 0.8747164425354994
24 25 0.6055735739606622
25 24 0.525959450667673
24 26 0.9377615872902401
24 29 0.5462404274832053
24 30 0.5452753925360794
24 31 0.6317310890281316
24 32 0.5111585376515644
24 33 0.6286224251608887
35 24 0.8444196448543573
36 24 0.5182324613061331
44 24 0.7733810515208905
24 46 0.6975916914153759
46 24 0.5454366308644534
48 24 0.5944481135075361
49 24 0.6419987798529638
29 25 0.5789856173963248
25 30 0.5374255028934067
31 25 0.6212541266242705
25 32 0.5050767421414861
25 35 0.5341808825037533
37 25 0.7078198184618179
39 25 0.5160897454584399
42 25 0.5980931149636237
25 43 0.7616810893427408
44 25 0.731713170706626
49 25 0.6029054542607545
31 26 0.6010985245393504
44 26 0.6438805269480867
48 26 0.9492955473881806
49 26 0.5810776329922187
37 27 0.6318955053589792
42 27 0.6109459454607609
44 27 0.5293430939412391
48 27 0.6076346590623294
49 27 0.5489484069810253
29 28 0.6877320445482977
35 28 0.5124710538554798
37 28 0.6920070451445174
43 28 0.52260365312112
44 28 0.6738753947385303
29 30 0.7631839413749819
31 29 0.7392620707146877
29 37 0.7551851113092234
37 29 0.5422276721313952
29 41 0.726423353533914
44 29 0.9413443321699735
29 45 0.6089757883656035
29 46 0.5559788096060538
49 29 0.5519188345261692
31 30 0.7403496199151424
35 30 0.5003490433681355
36 30 0.5456210423085144
37 30 0.5130954554193798
44 30 0.6776623855727374
31 34 0.6042782455106728
31 35 0.5423262543381989
31 36 0.6520359278682863
31 37 0.5402577645163849
31 38 0.7035944089505834
31 39 0.5731287330225914
31 40 0.5185969743324066
31 41 0.5025703946206577
31 42 0.5235506511362992
31 43 0.7237237873798407
43 31 0.8021600954146164
31 44 0.6816718763482201
44 31 0.6657535526958431
31 45 0.5830484003634737
45 31 0.7390266052796286
31 46 0.713350665453068
31 47 0.7914561231157227
31 48 0.6829486584605355
48 31 0.5829501276732967
31 49 0.5688061127576542
36 32 0.7679182681944681
44 32 0.5410069212603081
37 33 0.7958877612284159
44 33 0.5825552682077635
49 33 0.559442136977505
37 34 0.5110094392893947
44 34 0.6289861009840201
49 34 0.5170115829870248
37 35 0.6742481142403476
35 39 0.7467140056111683
42 35 0.5622915424562189
44 35 0.6858284319630646
35 47 0.5832237994108924
47 35 0.6211818673882639
49 35 0.8386438975359887
36 37 0.587570608656429
36 40 0.5751779355039747
42 36 0.5547944954465835
36 43 0.7491616292332897
43 36 0.6846438414269594
44 36 0.5742357314489893
37 40 0.7831191281332752
37 43 0.7632689372197284
44 37 0.6475777606250962
37 45 0.6314979928387069
37 46 0.5151324668183991
37 47 0.7433938243514224
39 38 0.7221797469181226
44 38 0.7255166074317599
49 38 0.7438521578083799
39 41 0.5681587889648345
43 39 0.5001528094020107
39 46 0.6065913021807565
44 40 0.5911377724626448
45 40 0.5025190179879282
49 40 0.6068234626468658
44 41 0.6534102827810648
47 41 0.6113200448001967
49 41 0.6203581380740132
43 42 0.6536867630461867
44 43 0.5958300474167955
49 43 0.5369466525320628
44 45 0.527052128062814
44 46 0.6564771290584432
44 47 0.6866934202449249
44 48 0.6387666425020093
44 49 0.6473693773135203
49 45 0.6681356589603353
47 46 0.7151154975984557
48 46 0.7612433609030489
49 46 0.5636041215580307
48 47 0.5933367702467807
49 47 0.5603967590134542
49 48 0.6948911678690277
2
3 0 0.7019459797013097
12 0 0.504101592590944
25 0 0.7325073270742009
27 0 0.6479934239700407
30 0 0.6452950811158029
31 0 0.5165302184231324
40 0 0.8256828287307845
44 0 0.6330560271656999
13 1 0.5579436779726392
24 1 0.6034484018648081
27 1 0.673579071554213
44 1 0.5846443670003666
45 1 0.5706666218929424
47 1 0.7307978043696088
49 1 0.7834624348136598
15 2 0.5137791620640846
19 2 0.6358341642094725
24 2 0.6011370959787947
27 2 0.506181391895931
29 2 0.5346034691875416
42 2 0.5848901796638224
3 5 0.6392746864630069
5 3 0.5632812407233585
6 3 0.5647504880842
3 9 0.5192124969779826
3 10 0.5288293526725394
13 3 0.6782169288474915
3 15 0.7328738035620308
3 16 0.5733119488199709
3 20 0.5439453691193956
20 3 0.711436101486921
21 3 0.535994862452343
3 22 0.8708863342754121
3 23 0.5638132833241869
3 24 0.7292920752195002
3 25 0.7634503745599255
25 3 0.5321288572654153
3 31 0.5284050311230626
32 3 0.5842825459706122
3 41 0.7675009113587317
3 43 0.5794857841962497
44 3 0.7457515497672864
3 45 0.5743957356807645
3 47 0.5564638914160618
3 48 0.8198499615769077
5 4 0.6793910579453055
4 9 0.872680232650134
13 4 0.5688785350900867
22 4 0.8030917507448265
24 4 0.5663401383668331
25 4 0.7237224778049591
30 4 0.6907058362466161
44 4 0.547336690737187
45 4 0.7539166241317601
5 6 0.5236097348746993
5 8 0.6264967603005567
12 5 0.5994959463082887
24 5 0.6302695272119481
5 28 0.5703618130405421
28 5 0.9264230327148266
29 5 0.5737791576121287
5 30 0.5093972995256408
5 33 0.6012300680911451
5 42 0.6808413684152868
42 5 0.5122436969275268
5 43 0.9501069874582697
44 5 0.505832147422312
13 6 0.5470554969337245
6 16 0.5049370845891619
6 19 0.5788566972857232
19 6 0.7188519542426095
21 6 0.6828255594403212
27 6 0.5146247922620923
42 6 0.5871306546752553
44 6 0.5385599971904105
6 48 0.5506789801892877
13 7 0.859198295018221
7 17 0.6141978721243522
20 7 0.5920477905784538
7 21 0.5505396214101941
24 7 0.6964514533020885
25 7 0.5159187250689683
27 7 0.625920273691857
29 7 0.8768959149741623
30 7 0.5381187047820499
40 7 0.7296100200818296
44 7 0.7526982337402833
49 7 0.6669813903988204
8 9 0.5099661567837022
12 8 0.6047690930651198
13 8 0.5163198132881218
24 8 0.5948446398222771
25 8 0.5771890693416577
27 8 0.5404123569397263
44 8 0.662343807847231
9 11 0.6289613479071827
9 13 0.7621785224500539
13 9 0.5781977241080505
20 9 0.520047904241187
9 23 0.7431277296080421
25 9 0.8394728736807355
27 9 0.5078502169490331
47 9 0.5180163626045831
9 49 0.9365472602882692
13 10 0.8406484895072291
15 10 0.6032636883931877
25 10 0.6691496851655822
27 10 0.9124007239823078
10 43 0.5213675073328721
44 10 0.7632137038249074
13 11 0.6010729841080085
19 11 0.5396524736806312
20 11 0.6307723357661197
30 11 0.6529933653929554
36 11 0.5152433530028893
44 11 0.5860745548980637
46 11 0.5021958795002668
47 11 0.6575385920427337
49 11 0.5397674738849949
13 12 0.667979241940275
15 12 0.6268555723436176
22 12 0.6008112412312343
12 23 0.9377230882938059
24 12 0.5305521378058684
25 12 0.6479510986279153
12 26 0.5006160709535594
12 28 0.6923413028962635
29 12 0.8728089717691683
30 12 0.7331861538414204
12 37 0.7654075642121263
12 39 0.6754341097063545
44 12 0.5353850107871214
46 12 0.7634002018535457
48 12 0.9254868288415066
13 14 0.8404192120200573
13 16 0.9754831476536043
13 17 0.6923045635890861
13 18 0.6547645575178376
13 19 0.9156965059720288
20 13 0.5576419070395533
13 21 0.5254933501071257
21 13 0.6167091195257572
13 22 0.6120091857131567
13 23 0.5750051404966681
13 24 0.5772698311975939
13 26 0.5835460070698681
13 27 0.5874525168718702
27 13 0.536071387073956
13 29 0.7277954132715245
29 13 0.7373964713903487
13 30 0.6845678632661356
13 33 0.9184521315002536
13 34 0.5242234761718687
13 35 0.6081343060441154
13 38 0.6101659821428825
13 39 0.5854198767066614
13 41 0.6062119899658326
13 42 0.6958504198289788
13 43 0.738782856419899
13 44 0.6516979520111966
13 45 0.5402284032369615
13 46 0.5605884378240034
13 49 0.5523983556238962
19 14 0.6948354941528583
20 14 0.6106803025114582
25 14 0.5526560636121901
27 14 0.5786776679544611
30 14 0.6562753449738972
44 14 0.617706543269734
15 17 0.650174759109265
15 19 0.5969564416149173
15 23 0.5250238634367537
15 27 0.9319444203670446
27 15 0.7111069576962898
36 15 0.6605308897117395
15 40 0.581426733677357
44 15 0.7541651202894775
20 16 0.7141389335045303
27 16 0.5767303147193941
30 16 0.5526880482051457
16 33 0.5010026893433293
16 44 0.6357671372010438
44 16 0.6658557774634266
20 17 0.7428649130068768
24 17 0.5545724207784704
25 17 0.5470856756211764
44 17 0.625890137664349
20 18 0.5588217960689577
22 18 0.7396531603587282
24 18 0.5428279952183965
27 18 0.6181946382729491
44 18 0.5425516036286173
49 18 0.7829026655360112
19 20 0.5700346574528692
27 19 0.6508344510659433
30 19 0.5230676830241194
19 31 0.7338082621559439
32 19 0.5374293889059538
19 41 0.8466674517213046
19 42 0.971804416965782
19 43 0.5670776226413441
44 19 0.6787049238143964
19 48 0.5053620524838311
20 22 0.5300329954593328
20 24 0.7064614292028176
20 25 0.7501347156453395
20 27 0.5842159216882656
20 28 0.542779461324059
20 29 0.9910235947218484
20 30 0.590026542527122
30 20 0.8396859650164863
20 31 0.6180483341293068
20 32 0.6618736723088718
20 36 0.8015704140336786
40 20 0.6755949563814438
20 42 0.5240328709667391
44 20 0.6766513876042699
20 46 0.5029016351613527
46 20 0.5693252890300338
20 48 0.5073300508567762
25 21 0.5263074356653606
21 27 0.5116163212650799
27 21 0.6090620356079606
21 31 0.540641602982312
21 34 0.5680053561420482
21 35 0.5135810492267778
21 36 0.5212430641304944
21 41 0.5205166570086068
21 42 0.5094234703841629
46 21 0.6000318995361187
21 47 0.6318192542217185
49 21 0.5283224864088087
24 22 0.807679874324921
29 22 0.6775262741917079
30 22 0.6129202997583476
22 36 0.5933323411777953
44 22 0.6020157208840751
49 22 0.5133845151265244
25 23 0.6066262658555293
27 23 0.5585081354302881
30 23 0.6075403593542306
44 23 0.6904658131019872
48 23 0.5620252976959059
30 24 0.5096155796927957
24 31 0.5630020021409984
32 24 0.5127549973258698
24 33 0.5177452681141643
24 34 0.6207956017985004
24 38 0.6549601346341343
42 24 0.5052039875838639
24 45 0.5239438667220846
24 46 0.5756420290371069
24 47 0.6179330770415412
24 48 0.611600654849568
25 27 0.5314290060131928
30 25 0.5202473834869684
25 37 0.5310417777707546
25 38 0.8288332215705199
40 25 0.5047457637501755
25 41 0.6246804972394259
42 25 0.6128242742284311
25 44 0.5514418670651153
25 49 0.6878103209816151
30 26 0.5463550110075963
32 26 0.696906542674717
44 26 0.6542236576386915
46 26 0.8539830713092862
47 26 0.6531966453742968
27 30 0.5994122018337722
27 31 0.5658559173645858
27 32 0.5885641740459152
27 34 0.6663044545803827
27 36 0.6631154161200431
27 37 0.5526047499395677
27 38 0.5339453584134197
27 40 0.7318750475231557
27 41 0.65181586253046
27 43 0.5514052154223892
27 44 0.6306779754963354
44 27 0.5580117704788888
27 45 0.5593576652341655
46 27 0.6833240703778969
49 27 0.5662286752540822
44 28 0.6845991581002756
46 28 0.6005018735116052
29 31 0.5028266467878939
32 29 0.6135365033540923
29 33 0.5234458337000687
29 36 0.5387982880051958
44 29 0.66254222388654
29 46 0.5952884741913227
46 29 0.8450613528799568
49 29 0.543207301329327
30 31 0.7043150028499086
30 32 0.6423787248681567
30 35 0.5858551895891535
36 30 0.7539167500522779
30 37 0.5896584846416437
30 39 0.5155389793877907
40 30 0.6541602962027555
30 42 0.5490360732839625
30 43 0.6308311778330575
30 46 0.6032855889541988
30 47 0.6770895102304366
30 48 0.7363500753715293
30 49 0.5791654428322213
49 30 0.5930747905192304
32 31 0.8709232521047725
40 31 0.554079640199342
44 31 0.7398141225527815
46 31 0.5207200577611599
36 32 0.5687997596430041
40 32 0.5996734619356079
44 32 0.6571929409202251
40 33 0.7426329569781276
40 34 0.5688878135732878
44 34 0.8317591595478468
44 35 0.6206083380701278
45 35 0.6392674712041853
44 36 0.8391511936202869
36 47 0.731613714028772
44 37 0.6638729376715414
46 37 0.7712188646011795
39 38 0.7574309854580463
44 38 0.5229751607799025
45 38 0.5209957503364908
44 39 0.6391097228020478
39 46 0.6261605806687716
40 42 0.5686918436288044
44 40 0.5431966423943628
46 40 0.6080577103031388
40 48 0.650683180507967
48 40 0.6052048536960526
40 49 0.6791590838690094
44 42 0.7969561972232235
42 47 0.6752714843345644
44 43 0.7080340878751392
45 43 0.7739856206329121
44 47 0.6308375091204299
44 49 0.5841159314603025
46 47 0.7656576517528948
49 46 0.5817401840492011
47 49 0.612676408260113
48 49 0.515671527231861
3
0 3 0.621849788191515
0 6 0.553880904902174
0 16 0.5712053822084939
0 23 0.8222724902844842
0 27 0.5681720866732565
0 28 0.8099380949069053
4 1 0.5538293663194243
1 6 0.935408641332101
1 7 0.7083692249200222
22 1 0.5095493889593927
1 24 0.6707252439514755
1 30 0.9501352662513054
32 1 0.5137640580930134
38 1 0.6160759826278726
45 1 0.7137270580492157
48 1 0.5462851191553924
20 2 0.6921763890676698
26 2 0.6091886512197904
41 2 0.7108075109651295
48 2 0.6369805092288015
9 3 0.6141968283737842
20 3 0.9073289196512464
44 3 0.6401364684463073
48 3 0.6747336253522627
4 5 0.5168469046982183
4 6 0.6786690411736592
4 7 0.5605437682548338
4 19 0.6588280896672036
4 27 0.5903114189680667
4 31 0.7021592054415366
4 35 0.5713128487797614
4 36 0.7208431721499564
4 37 0.6712769979251586
4 38 0.5357867026734984
4 40 0.543596291374655
4 45 0.5564090968761262
4 46 0.7468422613576702
10 5 0.7966362284098938
48 5 0.6832202040286386
10 6 0.8254816129476947
23 6 0.7161209286573018
33 6 0.7687746485012066
44 6 0.7161497650453117
18 7 0.5343452885281996
19 7 0.5353295939610068
7 27 0.6690147001742037
28 7 0.8482426245845021
33 7 0.8111196343005704
45 7 0.6425003967236487
48 7 0.7000864750527755
9 8 0.647995226928795
8 13 0.5021201200071461
20 8 0.5506879615475879
35 8 0.7558134675030679
8 37 0.9758983272130954
44 8 0.842693377793061
48 8 0.5092945506398994
9 10 0.6591665764042999
9 11 0.5561785410716953
9 12 0.6644907053858291
9 13 0.6365982777379928
9 19 0.5143999113010687
9 21 0.7520849761013131
9 23 0.601574525823195
9 28 0.660359657500647
9 31 0.535832875144195
33 9 0.5655376085755561
9 37 0.5417599128680644
9 39 0.6436538104288279
9 40 0.9125264345761179
9 41 0.6388605201071349
9 43 0.5770349161214023
9 44 0.5304840417178003
44 9 0.8312892109206116
9 45 0.5923474047534287
9 47 0.5688227224788012
9 48 0.6438848053717314
9 49 0.5138107136960144
20 10 0.5112112694032516
10 21 0.5310355228849097
10 25 0.8200867409488393
11 14 0.5918001412493068
11 17 0.8033368371435676
11 26 0.5429982760019629
11 27 0.5307709483331162
11 37 0.7005606061532129
30 12 0.5592633877369184
42 12 0.7621020341036866
42 13 0.5217639394813685
48 13 0.6329897122380692
14 37 0.7005412387374839
44 14 0.5390695949060513
45 14 0.6630360386760215
38 15 0.6000177282399781
44 15 0.6385128417626229
45 15 0.6101278490825497
20 16 0.5757268082269926
33 17 0.7748528858073367
18 34 0.7169436641772684
18 35 0.5388056510693431
18 39 0.5643270688777715
18 49 0.6622584339971873
32 19 0.5700165886986628
48 19 0.7549770061665919
20 29 0.6023195909626327
20 30 0.6932285329763379
20 32 0.7048208118363122
20 34 0.5032470313370265
20 35 0.613661223919683
20 37 0.5233019802700347
20 38 0.6252166942426798
20 41 0.6996509670617478
48 20 0.6032438108900797
21 26 0.6063697390041749
21 31 0.6209140097933075
21 35 0.6881786441240736
38 21 0.6091807441471753
21 42 0.7426365842073543
21 49 0.6739870037508815
23 25 0.58869839035123
23 27 0.5707511687648814
31 23 0.518493862592162
23 38 0.7628359277534089
23 41 0.5683251606787973
23 44 0.6712804035464024
46 23 0.6215332685536084
23 48 0.6421776608428067
33 24 0.5684021901424057
42 24 0.6187650881727402
45 24 0.5602818957475009
48 24 0.5525457257937625
33 25 0.5255599059172249
44 25 0.6402689760171458
48 25 0.6788240535577781
45 26 0.5685073156187734
26 46 0.8124052187885644
48 26 0.5468704260722033
44 28 0.59688067118266
33 29 0.9877210961496437
38 29 0.8451016353667784
30 31 0.6395208006391746
44 30 0.7640708864999672
33 31 0.8239660419962871
44 31 0.6937206591353087
31 49 0.5056795794696496
32 38 0.6260799948638949
32 40 0.5573258864962913
42 32 0.7380949244458432
48 32 0.5657735480647985
38 33 0.6907037468444888
33 44 0.5087562150246068
33 48 0.6458201533462207
48 33 0.7337059971188984
48 34 0.6009712162551697
45 36 0.6691804574570956
46 36 0.6640760565541148
48 36 0.556236600156025
44 38 0.5638402882794884
48 38 0.6179906135747457
44 39 0.5173054433245732
48 39 0.5161861923388189
44 41 0.560983590792337
48 41 0.6683001826558319
42 43 0.5395400779520034
44 42 0.5992654812621487
48 42 0.5903334431336809
45 43 0.5906771685757175
48 44 0.5350799319164035
44 49 0.6391315763488024
45 46 0.5063093562198842
48 46 0.5114500020901294
4
27 0 0.7234051807767934
29 0 0.5079501429186504
30 0 0.5344207568125385
34 0 0.5758605806818613
42 0 0.88758679579265
15 1 0.5712822115635279
22 1 0.6032878594540085
30 1 0.6114043907947506
34 1 0.6865400970989339
41 1 0.9928497940193957
1 49 0.7379437380079261
6 2 0.5243449819201373
25 2 0.6376567053321405
28 2 0.6708266851161995
29 2 0.812601456415836
30 2 0.5138228809578771
41 2 0.9163057635894165
6 3 0.5700956244289455
9 3 0.9985117257542415
3 10 0.6542613075166408
3 12 0.5079300328969416
3 14 0.5476372170600357
3 18 0.6202790722914966
22 3 0.9960426124674564
3 25 0.5416434849076701
3 27 0.5057985670958571
34 3 0.5493592937595473
3 36 0.5809263254288919
3 37 0.612631320465526
3 38 0.7875261703216234
3 40 0.8627435988568324
41 3 0.5988618782643327
3 44 0.5271414058242658
4 5 0.9197841835046849
4 6 0.5804366492462247
7 4 0.6419059347256575
4 9 0.5611314128079203
4 14 0.6263347472132896
4 15 0.7578705051501897
15 4 0.5211187494734282
4 20 0.5129816203403601
22 4 0.6146632152543048
4 25 0.5343463544593421
30 4 0.5493385684015197
34 4 0.5035798752440024
4 46 0.6772143266475847
4 49 0.6963016834451361
7 5 0.6738044301667327
9 5 0.6550761966960128
11 5 0.5651075505932261
28 5 0.7391489527593498
30 5 0.5440871677733896
46 5 0.5043948525384396
6 11 0.6489927259739412
6 12 0.5150957719899439
6 15 0.5928274070988969
6 25 0.5496396424616238
6 28 0.7329511714658503
6 30 0.7140185188728949
30 6 0.5619717676446807
6 34 0.5271803137499209
6 38 0.6248022703134999
6 40 0.6959099016525927
6 41 0.6077745554732785
6 42 0.8253957841532906
42 6 0.7142190697749942
6 46 0.6819890760139171
47 6 0.5063457260556274
6 48 0.8415468195832669
6 49 0.7267759889850329
7 10 0.5359654117488961
7 11 0.5983812292547313
7 14 0.5992818566927327
7 15 0.5125370164378453
7 16 0.6493509730608393
19 7 0.5520858583710626
7 24 0.5154125349040706
7 27 0.7090435696616215
7 30 0.6355112950992379
30 7 0.5628702777437731
7 32 0.6879473629245041
7 33 0.6448442126659673
34 7 0.5745935489887275
7 43 0.6922455192222683
30 8 0.5488481400723884
34 8 0.7552419932651586
8 41 0.6100892208910198
48 8 0.50254061297283
9 19 0.8052608301987372
9 20 0.703534535152595
9 27 0.8034343360401532
9 28 0.746409785284849
9 32 0.6800019636991366
34 9 0.5062477811258899
9 36 0.6517741242665167
9 37 0.5391553585284139
39 9 0.5125634648741184
9 45 0.5271403620442503
9 47 0.527370796555584
9 48 0.6606192108116546
30 10 0.5408784976538854
34 10 0.665092459655195
41 10 0.5543456548440098
10 42 0.8016026991528633
42 10 0.5707742963203921
10 44 0.5135476740565372
10 47 0.5870621473585336
48 10 0.6385337466620936
19 11 0.6487246017692192
11 22 0.5747334292823714
29 11 0.6240461879985246
34 11 0.6261751234701058
41 11 0.6418089517648848
46 11 0.8209894570016114
22 12 0.5655560329184159
28 12 0.5467263626184289
34 12 0.6652015111174037
46 12 0.9159950469945934
47 12 0.5528124954500713
48 12 0.63876891251275
22 13 0.7125503382289696
13 24 0.5163740270785775
41 14 0.5447100843759578
46 14 0.6321983239664573
16 15 0.5945597673594853
15 21 0.8732997953816417
22 15 0.6111357765190484
15 23 0.899127482865582
15 28 0.7790863433819735
29 15 0.6354806831421564
30 15 0.6165671355595226
15 33 0.7227124311029758
37 15 0.5800402223467132
15 39 0.5878386411270706
39 15 0.6088890284263742
15 40 0.6507407365239692
15 41 0.5340857319562633
15 42 0.6444455900263203
15 44 0.6453582902787136
15 47 0.5162038186091156
47 15 0.5657393692162884
15 48 0.6596799057606477
15 49 0.5856413964804199
27 16 0.7387785146847763
28 16 0.5942980674177134
30 16 0.5420818582244138
34 16 0.5166334937507289
41 16 0.7497409221166076
42 16 0.5898184862795186
22 17 0.547245909242535
24 17 0.597271346138756
29 17 0.7525241460004122
30 17 0.6738468683528995
41 17 0.7951436729274755
46 17 0.7352464612868173
49 17 0.8224577861671959
27 18 0.792962120624082
29 18 0.5468650809211661
30 18 0.8917032077945446
34 18 0.5918589353451226
39 18 0.5100689091595834
49 18 0.5176520927682411
22 19 0.6835875371481199
19 23 0.781150713432931
19 27 0.8233333346512066
28 19 0.6170654273865024
19 29 0.5574460367825229
19 41 0.6098611466598527
21 20 0.8281598012289
28 20 0.6076264446489972
22 21 0.6923364771833911
21 23 0.6062092052636823
28 21 0.7153245909885247
21 30 0.5695054459723499
30 21 0.5729482652500988
21 39 0.6918153311062907
21 40 0.5299559936506368
40 21 0.5142733233385883
41 21 0.5345656131782794
49 21 0.5040154498577873
24 22 0.5334386400054034
22 28 0.506991360172645
30 22 0.5137271100525482
22 31 0.7435642181015094
22 34 0.589017503464758
34 22 0.5908742925984565
22 35 0.5353763228800489
22 36 0.5326581483821853
39 22 0.7298090775522654
22 43 0.6189659699916417
22 45 0.7375524482392941
22 46 0.5660080345925829
22 48 0.7159788112741546
28 23 0.6066809051462332
34 23 0.7326707871013954
41 23 0.9821542311778138
28 24 0.5047363998373242
34 24 0.5005689072107036
47 24 0.5080755344162884
48 24 0.5784348029724187
28 25 0.9553007080772118
29 25 0.5376252864038922
25 34 0.5541263360361324
25 37 0.5211869157213516
25 39 0.7639456975153065
25 40 0.5105638838911644
48 25 0.5876829982202321
28 26 0.525317764058093
30 26 0.5469046861217676
46 26 0.506084116626168
49 26 0.6311497089155986
28 27 0.6412082567109876
27 29 0.6286578307415043
29 27 0.5105401310672997
30 27 0.6500117655536175
34 27 0.5348207214722296
37 27 0.649893274064125
41 27 0.7413124222361359
47 27 0.8405325746220196
28 30 0.5080301720752163
30 28 0.6190424232194045
28 34 0.576996998293269
34 28 0.5468430320750479
28 35 0.5519124982535566
28 36 0.783717215560404
28 43 0.8249988766860743
28 44 0.5025495309466892
28 47 0.5255702567544565
49 28 0.7422005192235686
29 33 0.6032115008940411
29 35 0.5227604143167346
37 29 0.5516301687951524
29 40 0.5431603852805285
42 29 0.5957589676727328
29 43 0.6079342984764673
29 44 0.5756995280007944
29 49 0.5811179971041849
30 34 0.641597165053441
37 30 0.5843157364021139
30 40 0.730253107620729
30 42 0.5644428067009959
30 47 0.6346123784688322
30 48 0.5846881219099744
37 31 0.5455216599474912
42 31 0.5691864660067851
49 31 0.9860756538355133
42 32 0.529708638432753
34 33 0.6848539322407807
33 49 0.6830270013325714
34 35 0.5615855826088108
34 37 0.5685131532704947
34 38 0.5914788117482431
34 40 0.5630149083973564
34 42 0.6077642814085096
34 43 0.6810501098727357
34 45 0.5193587942773583
34 46 0.9763995966854517
34 47 0.6602061624281437
47 34 0.5280318372761192
34 49 0.6558204355716262
41 35 0.7009896700966209
48 35 0.5588939415601211
39 36 0.6786453917947745
41 36 0.7283385531880968
41 37 0.6630246454544968
42 37 0.5136196281429026
46 37 0.8470198503374566
37 48 0.5149169713040072
48 37 0.8218460147028086
40 38 0.7165403300810238
39 41 0.5992159664775594
39 44 0.5254735699832145
39 48 0.5342071560551511
48 39 0.669485413816129
41 40 0.6519629303781214
48 40 0.5862012628821833
41 44 0.7918159088909628
41 46 0.5380765700788113
41 47 0.5032417812368001
47 41 0.5437819855400756
41 48 0.6073274374342008
41 49 0.5168967405441602
47 44 0.5736497580777205
48 47 0.7223365055398068
49 48 0.6347001853652596
