50
5
5.467546854713177 19.244606095303386 10.685357997917482 7.028649419386082 3.9139542165558474 15.48484365382804 7.579365604270407 4.2595226316178785 9.816768557607823 11.44166395385104 4.628514897760345 12.946048284951152 10.25342399235436 6.016168805596054 5.282841697318439 3.9991243847002473 10.856835713053126 7.2844617073121 4.641214267338405 6.920214873182073 5.5470123703577325 9.396140504626782 10.078314065005461 12.7595438107472 12.764496430059392 2.8707871923518447 11.022715816368553 7.320417740376984 27.574626716913446 9.413210030744517 9.588584771575748 10.156881885082905 13.185984341016047 7.632149054902703 12.768011297871224 13.304652863073045 13.42969417908343 9.784524310918533 14.348522614656233 15.16911259195263 5.907987297861548 12.196353720983746 14.386606499843543 10.078241206099236 5.580183041562121 5.701332243243645 6.849010183974748 14.958081529840763 14.95230901344417 13.523385066844616 
0
0 12 0.5105923506858845
0 46 0.56633921304503
29 1 0.9352792691332701
46 1 0.5370250457949766
5 2 0.5956311271340369
3 25 0.7785090610840084
3 27 0.5011478198986588
38 3 0.682208809309139
3 47 0.5387645783254582
9 4 0.8652382791457751
4 11 0.9679808328326482
46 4 0.8770629555678502
5 29 0.5959003018023388
5 30 0.5787604118655914
38 7 0.7476502731699439
39 7 0.5836657025188408
44 7 0.66380570004399
49 7 0.5183009771025695
41 8 0.5123042140149039
9 15 0.7725777525698578
22 9 0.642379801211886
9 41 0.523774644935447
9 49 0.5717488214417813
28 10 0.501215524731222
45 10 0.760139341467778
23 11 0.6106434880847664
45 11 0.5311363706547747
28 12 0.9862094738923783
29 12 0.5473552747526662
48 12 0.8140404773649439
23 13 0.5010423689398731
13 29 0.5116679312678538
13 30 0.5924461022419876
13 36 0.9280653730517994
48 14 0.5204086861434554
41 15 0.6340544631438791
48 15 0.5826598527919309
49 15 0.603490470952722
23 16 0.6242596034375083
29 16 0.6620633153778976
37 16 0.5451626150258635
18 34 0.6397961232577951
44 18 0.9982014507673864
23 20 0.6553855709233969
21 23 0.591738169650603
28 22 0.5898881699915703
45 22 0.8787354616425631
38 23 0.6179169340276995
24 39 0.5079518823703917
30 25 0.8573316955418187
37 26 0.8794604500280088
42 26 0.7017045435794205
28 36 0.523889060206735
28 43 0.5096943895043589
41 29 0.6046174152875463
29 46 0.5645799565920036
44 34 0.586277911377278
44 35 0.5532161794515815
49 35 0.536007058191039
38 41 0.6358268944872398
38 48 0.75345485934901
39 41 0.6883552237988968
40 43 0.6357969965736732
49 41 0.7824699473636485
48 45 0.7714746872816858
1
9 0 0.6800913466345
11 0 0.6259142441767278
22 0 0.6928729241475865
23 0 0.638412482508698
24 0 0.6442086271730301
26 0 0.5008993928536543
29 0 0.9594502148917694
31 0 0.5893544243613764
32 0 0.7662342925744698
37 0 0.5372189715332107
1 2 0.8149061990872564
5 1 0.533396931016217
1 7 0.5758715275136783
1 12 0.8015304331384996
1 22 0.9246686053612849
22 1 0.7942632900312674
1 24 0.6761773397836858
24 1 0.6270687230777516
26 1 0.6430585790793761
1 28 0.6729550265982127
29 1 0.8103581831673248
31 1 0.6799283546082697
1 32 0.561068672471901
32 1 0.6304601163645268
1 33 0.7340424333784576
35 1 0.6848561327653435
1 36 0.6247198364541107
48 1 0.6095784313082654
49 1 0.518303870492252
8 2 0.503049118269224
2 9 0.6841698921278561
11 2 0.5938680451850624
23 2 0.6743878153011991
24 2 0.532378280925532
25 2 0.796486948911455
26 2 0.5064219329646011
2 27 0.5173515797151151
29 2 0.5950261290490128
31 2 0.5662328833001485
32 2 0.5835659024871369
37 2 0.7151716097909655
48 2 0.5875230883392248
8 3 0.5834917761777019
9 3 0.6225156884003721
10 3 0.5169214957546693
11 3 0.5143436992305657
16 3 0.5288870910746993
23 3 0.5996471142017306
24 3 0.5028071951207331
30 3 0.6091720735715518
32 3 0.589455037999912
48 3 0.6231890961233424
49 3 0.6039323857015872
9 4 0.6044542278787627
11 4 0.5387493974312401
16 4 0.5668149778934506
22 4 0.6713803241473068
23 4 0.5076163390153732
29 4 0.6202553801959453
30 4 0.5071121275845907
31 4 0.532703067066453
35 4 0.6357579675955476
39 4 0.5349619992301939
42 4 0.8063933307486886
48 4 0.7280702611571619
5 7 0.6867346218866295
5 8 0.9026350596701926
9 5 0.5288721178888036
11 5 0.5723463164343205
5 15 0.8503552285731371
16 5 0.6119164949388447
5 17 0.7490483691654404
17 5 0.6871803999642383
5 19 0.622132938632662
22 5 0.5229451029673087
5 23 0.9351311811629213
29 5 0.6642269963222032
5 30 0.9125329512599609
31 5 0.5941118931062754
35 5 0.5665210068225239
37 5 0.5622502534208207
5 40 0.5880758951944893
5 42 0.808584368125614
42 5 0.572955621284567
5 47 0.7572108544495161
48 5 0.7671444907724984
10 6 0.5344765121617292
11 6 0.6168713926846974
17 6 0.9219499980608192
6 20 0.8177153302626514
22 6 0.6425855681884671
23 6 0.5376727552001509
6 28 0.5349407647820239
29 6 0.637229737673668
30 6 0.8019728048125305
31 6 0.6464429046418211
32 6 0.5682006100782707
35 6 0.8541236300013153
42 6 0.8379018311987085
48 6 0.5544266117273501
9 7 0.5905805881054462
11 7 0.6750957039232073
22 7 0.667575243658535
24 7 0.5737426668090313
29 7 0.7542196811765856
31 7 0.6168092958346628
33 7 0.6057180618357545
35 7 0.6259808722005255
45 7 0.513550367828933
48 7 0.5857675393170081
11 8 0.6357014802847197
8 16 0.5492357023153913
16 8 0.5968006701831239
17 8 0.619257694635051
8 20 0.6583524061468846
20 8 0.6396151134730215
8 23 0.5292377514133757
30 8 0.8868636930143918
31 8 0.5849714962682864
8 32 0.5293548891534572
32 8 0.647069899266623
8 34 0.6784352325691809
8 35 0.594719903027199
35 8 0.6810829993442408
8 40 0.9978648606838036
8 44 0.5866026096964481
44 8 0.6040506593627482
8 45 0.5623002863821374
46 8 0.5436913123955447
8 48 0.520445486443555
48 8 0.5750458771468973
9 10 0.5624401516421091
9 11 0.9197589416979159
11 9 0.5193029708294876
9 12 0.7691504951967036
9 13 0.576295902725656
9 14 0.5072622796278945
9 16 0.5976284662627349
16 9 0.7468692114156539
9 21 0.678027792331003
9 24 0.5903054794320335
9 27 0.5385781343477931
9 28 0.506045504931158
9 29 0.7306475962784656
30 9 0.6476061158483244
9 31 0.5315627940023165
31 9 0.6421778068188971
9 32 0.6343136237311312
9 33 0.6835782650074618
9 34 0.7550396165184463
9 35 0.8820158851981745
35 9 0.8333404298967098
9 36 0.7081413881800593
9 37 0.5851503881076577
37 9 0.5240173170141011
9 39 0.7228029549217199
9 41 0.5466118340639382
9 42 0.6883671454614891
9 43 0.6369243549245972
9 45 0.5630739784275763
9 46 0.5511297866492185
9 47 0.5911838059784926
48 9 0.6061810663820478
9 49 0.5619253696488411
49 9 0.7478441763926029
11 10 0.5291825473532716
22 10 0.5972363255285983
23 10 0.5724173294767407
24 10 0.7904899382102706
31 10 0.5793174183059604
32 10 0.5209683842155755
35 10 0.538108682710864
42 10 0.5427758914554857
10 43 0.9751698570162979
48 10 0.7178318006207125
11 13 0.5690175959506323
11 14 0.680083130119534
11 15 0.6029500856620823
11 16 0.6499226253308367
16 11 0.6542187509324684
11 17 0.7171071961606806
11 18 0.5565998125826619
11 19 0.7489461801175434
11 21 0.9713579678138184
22 11 0.9049082455944388
11 24 0.8184835131267424
11 26 0.6359868912008819
11 27 0.6683413306695982
11 28 0.6088229141048416
11 29 0.7166858995624239
29 11 0.7011654097180271
11 30 0.7170147111283809
30 11 0.5928428294111698
31 11 0.7767560256517094
32 11 0.6601043249689449
11 33 0.5573636245045713
11 35 0.5158402962838637
11 36 0.6751776235612901
11 37 0.7021834682580904
11 39 0.6087550506818098
11 40 0.5175079401321216
11 42 0.5854293750828532
11 43 0.5854971181900112
11 44 0.6018290193391218
11 46 0.6511411471859578
46 11 0.502193559779087
11 47 0.5683776044824157
11 48 0.6068778822048684
48 11 0.6369830292857436
11 49 0.6445474407391796
23 12 0.5992026717071455
28 12 0.5470765496213188
31 12 0.6572358249991126
35 12 0.5463049117625606
39 12 0.8038535788686088
12 41 0.7509044354991923
48 12 0.5414917948349435
49 12 0.5210879735646308
24 13 0.744497813765534
29 13 0.5110591421337825
30 13 0.641550534860925
31 13 0.6460039912155187
35 13 0.5275193556085918
37 13 0.6950028111474007
42 13 0.5024046341812887
48 13 0.6466554235037195
49 13 0.607486298452282
16 14 0.6758781655072865
23 14 0.6335648508449361
31 14 0.564198773522254
32 14 0.6197831606492952
35 14 0.6554669017260235
14 39 0.8317679036455206
14 45 0.76174614069434
14 47 0.5078995754814972
48 14 0.5886913944752954
16 15 0.5470457980908714
23 15 0.7154152009278498
24 15 0.8497110991286947
29 15 0.6590004165139416
32 15 0.5518094251553174
35 15 0.623778645069472
43 15 0.5213529135058026
44 15 0.5061689036043238
48 15 0.573847993656008
16 17 0.5559392170960686
16 18 0.5024434217258085
16 20 0.6067944436265389
16 21 0.7684668446548281
22 16 0.7962164100171842
16 23 0.5854644071512995
23 16 0.6701504997701879
16 24 0.7265929972427327
16 26 0.6052881930241136
16 27 0.6792556292590037
16 28 0.6650167932480799
31 16 0.5572651850626207
16 36 0.577835844054312
16 39 0.5251498119044893
16 40 0.5209763305508208
16 42 0.6509783785022281
42 16 0.9867554964144769
16 43 0.5421523726084484
16 45 0.5883492229251597
16 47 0.5264602731900321
48 16 0.6576562158679292
17 20 0.8492388688137427
22 17 0.5732268179283614
17 23 0.6737184567842551
24 17 0.9895638289795345
17 26 0.5501453691676734
27 17 0.6157918829404454
30 17 0.6325726136606048
31 17 0.607126608722409
17 33 0.6905812830225213
35 17 0.5550155577934076
42 17 0.60515453527877
48 17 0.5328987946792687
24 18 0.6058308016726263
30 18 0.7380415014858899
31 18 0.5378143977739429
35 18 0.5893375746016809
39 18 0.664299309816029
48 18 0.7198292190797366
20 19 0.6678652427547374
30 19 0.6731026301100307
31 19 0.7779254312869321
35 19 0.5577462416801505
37 19 0.5915706878389215
42 19 0.5117718125358163
48 19 0.656749095141305
22 20 0.5266117244312631
24 20 0.5718784429370424
29 20 0.7773983063725589
31 20 0.6066365684640487
35 20 0.6952541679091992
37 20 0.8257693124848935
20 43 0.8006250338726919
48 20 0.5600467714128154
21 24 0.9025735703027844
24 21 0.7706469418814026
26 21 0.6369749556809767
21 29 0.5052937594356159
29 21 0.5802275832847608
31 21 0.7925733525835266
32 21 0.739535789951888
35 21 0.5460812094470988
21 42 0.6258220081498453
48 21 0.6475856306421024
22 23 0.6780965587421168
24 22 0.8905829390918707
22 25 0.6589173209848855
28 22 0.5271852270255954
29 22 0.553908822862285
22 30 0.7294054013657433
32 22 0.5740852696573817
22 34 0.5561152120779587
22 35 0.6195578463042698
35 22 0.9020151982308866
22 36 0.7537340548009128
22 37 0.5319395328865274
37 22 0.589976770037955
22 40 0.6420264046323962
22 42 0.5238924818851418
43 22 0.7074535334503569
22 44 0.5762319426438878
44 22 0.524310582221845
22 45 0.7807675550209954
22 47 0.5616768464379187
48 22 0.633230624705354
22 49 0.6464903335665347
24 23 0.5321391948501812
23 27 0.8022021346223662
23 28 0.51871645543066
23 29 0.7218340788576008
30 23 0.8095624399449279
31 23 0.5598866444083733
32 23 0.7037759545548957
23 33 0.69562193637865
23 34 0.5521696007547268
23 39 0.7645586255613528
23 40 0.5273129602585949
23 42 0.5814608951842004
44 23 0.5200218350189107
23 45 0.6634504877921752
48 23 0.8576615244050196
24 26 0.6331221372628507
24 28 0.7386192176335575
24 29 0.5005404171086454
29 24 0.6083164283808747
24 30 0.576646911205864
30 24 0.5695855345083565
31 24 0.6785683934777312
24 32 0.6371747667407435
33 24 0.6766215949315453
24 35 0.7247348322822085
35 24 0.7283361012032501
24 36 0.5381625976113162
24 40 0.6608946300643939
24 41 0.5545136914630748
42 24 0.7357131567885971
24 44 0.6522923519000403
24 45 0.6204538804080955
45 24 0.5073703697762482
24 46 0.5648646288254704
24 47 0.7460133666222619
24 48 0.5623713458323456
48 24 0.6308818186752652
24 49 0.7088355532904222
30 25 0.5697314158815985
31 25 0.5965772532282974
35 25 0.6253268912266667
25 40 0.5257657294074018
42 25 0.6277834307175074
48 25 0.7874951607912914
29 26 0.6516337427458965
26 30 0.9537644431897814
30 26 0.7040889831714587
26 31 0.7313887699286343
31 26 0.5554873816359203
26 32 0.7792393349037459
26 34 0.5059346476351987
35 26 0.5425796170148555
42 26 0.6886830266242203
26 45 0.8514195127203772
48 26 0.5698682909105675
29 27 0.7726983649458437
31 27 0.5475762044615002
32 27 0.6082732291800997
35 27 0.6083791628774561
48 27 0.6743480538993272
28 30 0.6957449716639454
31 28 0.9091420211824683
28 32 0.546204355717681
32 28 0.9620527940185943
35 28 0.5887784077302572
37 28 0.586165333029061
28 43 0.5622603443410228
48 28 0.6732867227573157
28 49 0.5271617470025998
30 29 0.6068604359269523
29 31 0.5895720486765662
31 29 0.5245183173644286
29 32 0.5019523222757496
29 33 0.552636841338792
29 34 0.6086140346243611
29 35 0.5574436446188519
35 29 0.9670312517291331
29 36 0.639035895791239
37 29 0.6238589832559178
29 39 0.6496855907310848
29 40 0.6557406807982256
29 41 0.7398217514493068
29 42 0.5561586689741689
29 43 0.5255164448507497
29 44 0.6408661664458132
29 45 0.512914046451594
46 29 0.5898562036082151
29 47 0.5379901053346343
48 29 0.6653316175864556
31 30 0.5238489422827738
33 30 0.728270357179621
30 35 0.5365447970447246
35 30 0.5711046075236009
30 36 0.6416948015620747
37 30 0.5919726130369205
30 40 0.5230592666601639
30 44 0.5053645915406744
46 30 0.5066363919592534
30 47 0.6859181078285361
30 48 0.6126425635379111
48 30 0.6298376748163114
32 31 0.6114504561737515
31 33 0.5537193470038653
31 34 0.6193032377132034
31 35 0.6053900888465755
35 31 0.8195007576150508
31 37 0.6345187548653712
31 38 0.7212736340079424
31 40 0.5463789486299819
31 41 0.7028276864225677
31 42 0.7584028532996197
31 44 0.6650805134228548
31 46 0.7259939000576243
31 47 0.8783698535509561
31 48 0.5523315262675106
48 31 0.5432225258225571
31 49 0.5631510228099479
33 32 0.9174762304574824
32 34 0.544168434670729
35 32 0.663819528996511
32 36 0.6590549041701832
37 32 0.9116869216516972
32 42 0.5481916946477319
32 44 0.7416208002503323
32 45 0.8233369478353361
32 47 0.6642843709618551
48 32 0.6541609341456537
35 33 0.6027735929242948
42 33 0.6705037348729256
48 33 0.5754016765256534
35 34 0.5128945696388865
39 34 0.5258390084586133
34 43 0.5195396102770315
48 34 0.5316491236216323
49 34 0.5641834609685212
35 36 0.5664492151443723
35 37 0.6267221085414023
37 35 0.5741185853298476
35 38 0.7004585876004339
35 39 0.6828728005382455
35 40 0.7321044485875157
35 41 0.6952637795618197
35 42 0.7155912163139031
35 43 0.5814230460127454
35 44 0.5940387271881582
35 45 0.5500319413874137
35 46 0.5707342652254115
35 47 0.732327766604054
35 48 0.6535741892117943
48 35 0.6338884886652842
35 49 0.6059102827637693
49 35 0.7956830825334582
37 36 0.6185747922906237
42 36 0.7646771118671529
48 36 0.5239173590387171
37 38 0.552782043883213
37 39 0.5990915846155607
37 43 0.8217045186144973
43 37 0.7301434526266279
37 48 0.7187260691294719
48 37 0.6050535734199417
42 38 0.5626932109349687
48 38 0.573895820088746
39 40 0.5455780820125498
39 42 0.5904751972754019
45 39 0.5245615320517989
48 39 0.7317047750280271
39 49 0.6632602602396469
42 40 0.5181309694991778
40 43 0.7250148898308792
46 40 0.5156854067473209
40 48 0.6183140873860453
48 40 0.6261162124214626
48 41 0.6731683401057932
42 43 0.5870007921850489
48 42 0.526884312371521
49 42 0.5091240298641952
43 44 0.622477251897803
48 43 0.7420049506832165
48 44 0.6731996164530847
48 45 0.611530528252488
49 45 0.5481350647289509
48 46 0.5978496146687698
48 47 0.6113326133773063
49 47 0.5131831815432544
48 49 0.5936804051430656
2
1 0 0.6056227464746495
5 0 0.6108016123451717
0 31 0.516106858141234
32 0 0.6120833621157498
34 0 0.6070968559280576
0 40 0.5130991374975868
41 0 0.5629035940270954
47 0 0.5531542568422378
49 0 0.5584616953479823
1 2 0.5903044480962947
2 1 0.5039440887869118
1 3 0.6244812767311365
1 6 0.6093461699747855
1 7 0.5067469167512668
1 8 0.7186238917346084
8 1 0.7282993722246598
1 9 0.8403297962606957
1 12 0.5298293568588692
1 14 0.6491328576734169
1 15 0.5669005162032251
1 17 0.520140120940971
1 18 0.8078015530423595
1 19 0.5114715841150752
1 21 0.8709764895815051
1 22 0.6284314350396638
1 24 0.72063823942987
1 27 0.7724058245741955
1 28 0.6198441340914314
28 1 0.6617663213166584
1 30 0.6614644244375698
1 31 0.6923816876719413
1 34 0.5875916703208746
34 1 0.5777577654945839
1 36 0.7231827426172317
36 1 0.7107322091217885
1 37 0.5366682917732404
1 39 0.5976777857926903
1 40 0.5535293899056408
1 41 0.6554301591667838
42 1 0.5704329818097345
1 43 0.7074821633418555
1 44 0.5921798022237295
1 47 0.5266909163074869
47 1 0.6433770877490298
1 49 0.6624071422172071
2 3 0.5438853283650089
2 6 0.50940064074812
2 8 0.8436542967650367
2 10 0.5306764693773147
2 12 0.673916087569644
2 20 0.625391863025645
2 21 0.7077780149311015
2 23 0.5401843947250478
2 24 0.6014732968893044
2 28 0.5372906545614958
28 2 0.6684881008821077
2 34 0.6839039337892721
34 2 0.6558566029369961
2 36 0.5093731553009739
2 43 0.6582199518900134
2 45 0.7656427365874217
47 2 0.6352869400146792
2 48 0.7080263940008249
5 3 0.5427475299437834
3 8 0.5740804264644923
34 3 0.5703601651863737
35 3 0.5369958870605998
36 3 0.5589396570475653
47 3 0.6409936656268428
5 4 0.6825422662354792
6 4 0.6262119444174348
28 4 0.6696071848306997
34 4 0.6951613354113659
36 4 0.7388737467532753
47 4 0.742970391770259
5 8 0.5344144004302327
5 9 0.5568707794685314
5 11 0.5995773332598449
5 12 0.6680567798225865
13 5 0.6171250507648525
5 17 0.6114908987146033
5 19 0.6229446405081611
5 22 0.8118126184440138
5 23 0.6472111394907296
5 25 0.5706970473033826
5 26 0.571596798704302
5 28 0.5255449682878517
28 5 0.563871412872438
5 32 0.6481266497547958
5 33 0.6907242749300458
34 5 0.5126377703349934
5 36 0.5240465268022616
5 39 0.5195221264421568
5 40 0.7585037977369842
5 41 0.5607071361799609
41 5 0.5895665292235922
42 5 0.5132359858087285
5 43 0.7867459733482802
5 44 0.5762702934839233
5 45 0.7155323735610104
5 47 0.5763374143277205
47 5 0.5972284176864988
6 9 0.6563982026484848
6 22 0.5736138779288396
28 6 0.6683528429629162
30 6 0.5838625036620619
32 6 0.5361617423494895
34 6 0.5823932351404215
6 36 0.5493681026795822
36 6 0.5484430685553856
6 39 0.5672734094020278
41 6 0.7388730962154058
6 44 0.933162616223528
8 7 0.5383781874688391
7 15 0.618542256703789
7 19 0.527178566856012
7 21 0.7465964227096444
7 23 0.777224123855287
7 24 0.6322185555629971
28 7 0.8157755737613457
7 30 0.5684512018241283
30 7 0.5991635511350277
7 31 0.562819599749802
34 7 0.5769685755527749
7 35 0.644470954774786
38 7 0.720518463969408
41 7 0.5206990605114521
7 43 0.6956983588497828
7 45 0.8072104616889595
7 46 0.5666198562930687
47 7 0.8309590439959158
7 49 0.5555062612748622
8 30 0.534893574684798
8 32 0.8679705167134477
34 8 0.5935124449735701
8 36 0.7201944255795789
8 46 0.8602421407858494
47 8 0.8108899774103776
15 9 0.8527626101149652
28 9 0.7273562013862112
32 9 0.5583004548265065
34 9 0.7087550637175442
43 9 0.5078512493478728
47 9 0.5100528836735962
49 9 0.764399939163596
15 10 0.7372785852414596
34 10 0.6127559224576221
35 10 0.5437965463332266
36 10 0.5843246249543249
47 10 0.5509576535611971
14 11 0.5997257297903216
28 11 0.5489876842410475
35 11 0.534265949263083
11 39 0.5466446711486164
11 41 0.8328971119441926
42 11 0.545455643820191
47 11 0.5122187715926751
14 12 0.5292676931067388
15 12 0.7009295409489553
34 12 0.5813501547227988
41 12 0.6515121146054486
47 12 0.5326684719027999
26 13 0.5907930656674436
34 13 0.5940828313967298
36 13 0.5704334787464767
13 41 0.5867740207988079
42 13 0.572268949272138
44 13 0.6518804196995138
34 14 0.6239340536670744
35 14 0.7318384647718243
36 14 0.654169079212487
47 14 0.6368628556325255
26 15 0.6082941757563118
34 15 0.5653627478629011
15 37 0.5700680768272068
37 15 0.9258004860265532
43 15 0.7949591197385162
44 15 0.5827772206657031
47 15 0.8581974987925203
16 24 0.6898869849279312
28 16 0.8550682129331182
34 16 0.6870804150249621
16 41 0.5602086205772323
41 16 0.8136222969291438
47 16 0.5102397183143741
34 17 0.7538106381955119
41 17 0.6886823837355571
42 17 0.6457710431277118
47 17 0.5599311616093876
25 18 0.7365149061597971
28 18 0.7422649743258787
32 18 0.5456105757349501
34 18 0.5602474694733737
36 18 0.5308625154186462
49 18 0.6735323301681824
32 19 0.7270645468439845
34 19 0.5123382023645215
35 19 0.5321503272136525
42 19 0.6707135192152021
47 19 0.8175638449098048
28 20 0.5726700740159523
20 32 0.5892486098941436
34 20 0.561587350809098
36 20 0.5935232037905425
20 39 0.5979689979437499
20 40 0.9095674629213575
20 42 0.5686429386468084
47 20 0.5561482855302665
20 49 0.6700997329287071
25 21 0.5281749838992089
36 21 0.5045794669003649
37 21 0.5370585167275688
21 44 0.5480039545148039
21 49 0.574441506234912
34 22 0.6758849136236551
36 22 0.6898362886255567
41 22 0.5364981671294642
28 23 0.6743062648028537
34 23 0.5461398737319014
36 23 0.8483161191329913
41 23 0.5520409829219797
23 42 0.516027419529016
43 23 0.5372395654529534
23 44 0.8696507571299625
28 24 0.5999885217611223
36 24 0.6460308783268294
41 24 0.5128013602232409
44 24 0.6376030695703114
47 24 0.5084278953002022
25 33 0.6766676376006078
34 25 0.9259166559821399
25 38 0.5393250262160285
25 44 0.5035255087449937
25 48 0.7498694564158483
28 26 0.6285560833100932
36 26 0.5162401137240873
47 26 0.5686545588845624
49 26 0.8032465143044689
34 27 0.7167046148686043
35 27 0.6382824735670876
36 27 0.7727009845507669
41 27 0.5444684628760614
46 27 0.555613161009844
47 27 0.5911084533142715
49 27 0.7146802145679962
28 29 0.5662805199563404
28 31 0.6213006750540769
28 33 0.7291691549757326
28 34 0.5345689145278891
34 28 0.6860079213298058
28 35 0.5631502708921439
28 36 0.5512450281400243
36 28 0.5212030502902705
28 38 0.7768436184183207
28 39 0.5397860571422624
28 41 0.5325181700868613
28 44 0.9479764116028546
28 45 0.5588568380860957
28 47 0.5664719922004076
47 28 0.5803795619717623
28 48 0.5587080693260267
28 49 0.6438794509860117
34 29 0.5755874827577984
34 30 0.6728144029895322
36 30 0.5402293072078495
41 30 0.6119893928709674
43 30 0.5321498477112294
47 30 0.618897851631682
30 48 0.6077508495968857
34 31 0.6048181876508304
34 32 0.5641781175559895
35 32 0.5049861756851981
36 32 0.5062186487678029
32 40 0.558290639831156
41 32 0.7586354851062659
43 32 0.5036905812388772
32 44 0.5202690095662181
32 46 0.7748697729381318
32 47 0.6235016947832459
47 32 0.6591656698868196
32 48 0.5036725796600265
34 33 0.5629754572264278
47 33 0.7484898321835978
36 34 0.5866345369056103
34 37 0.547058944393914
34 38 0.7250600139711167
34 40 0.7268869164918466
34 42 0.5884930021611147
34 43 0.7872022354442632
34 45 0.6156189646013452
34 46 0.508810712107298
47 34 0.7483767613612312
34 49 0.6031671487223371
38 35 0.5404451496917542
42 35 0.9502353912454813
36 37 0.6645837871120452
36 41 0.504854038139052
36 42 0.7354329354379485
42 36 0.583435069149122
36 44 0.9272398496034656
36 47 0.7133892669694697
47 36 0.6315372400372473
36 48 0.7899180181395489
42 37 0.5830523923739337
37 43 0.5674276384798762
37 45 0.5517353072745379
47 37 0.6722812337672643
49 37 0.5160981927964885
47 38 0.6047352421193816
41 40 0.6570819704635951
47 40 0.5077310134624906
41 44 0.6027896809758204
41 47 0.7379239694325115
41 48 0.7796692132325835
42 45 0.6262873204066186
42 49 0.7539674140365931
43 45 0.7173641195607272
43 46 0.5171015294536088
43 47 0.9641453298077769
47 43 0.6207468722773077
43 49 0.5843456856437577
47 44 0.713710154556565
47 45 0.5741459698201987
47 46 0.9224371465413861
47 48 0.5121518474310107
47 49 0.6529351654757733
3
0 2 0.6889182571182202
0 5 0.8688601338830343
10 0 0.6496794528826124
0 14 0.6893021029442157
15 0 0.6187767214339399
19 0 0.5251677288508361
0 20 0.5047601512570554
30 0 0.5208778637555871
0 39 0.6379441384916056
46 0 0.639184917097577
16 1 0.5201530508882715
1 17 0.9521154368302458
28 1 0.6836872113542789
33 1 0.6361573000994662
1 34 0.8734759575461062
1 36 0.5678642698463925
39 1 0.6176880292630198
1 45 0.8402938416896935
46 1 0.6036480455788766
2 24 0.5808353655977347
2 28 0.9817006479238133
2 30 0.8083455361396124
39 2 0.7583656147208492
40 2 0.7163207427659422
42 2 0.5835245915359444
8 3 0.5694436044214614
3 18 0.9812910291141581
3 22 0.6249089558815193
3 23 0.5396979951279592
3 24 0.5282151376651152
3 25 0.6547485042911798
3 30 0.6240720122040828
3 34 0.78034600874696
3 37 0.5443468224186883
3 40 0.558993366031413
43 3 0.6553703560826958
3 45 0.7078832200023326
3 48 0.5450340322583276
3 49 0.533686284430855
28 4 0.8221294693636101
33 4 0.6146462877768233
4 39 0.5078825544219563
39 4 0.5313010155647013
4 46 0.5000194312656205
17 5 0.5851163832497778
19 5 0.7101678877350311
5 33 0.6904312737302947
33 5 0.544591441464527
43 5 0.8956816750129977
16 6 0.7488402723472736
17 6 0.5610619064205609
6 22 0.540185523754436
6 23 0.6666133165790948
6 26 0.6520953483101832
6 37 0.5236375092166079
37 6 0.5591217107643811
39 6 0.6606658581784317
16 7 0.6260776290052539
39 7 0.5074127625172724
8 16 0.7307122502623014
8 17 0.5671272519645132
17 8 0.5171488459354427
19 8 0.6199252688253288
35 8 0.8746851640616431
36 8 0.6467926018491985
39 8 0.6176892740827341
42 8 0.5459444815142169
15 9 0.6812455850741934
26 9 0.7422089263728096
39 9 0.5277698236628485
46 9 0.598028762609504
10 11 0.6348590025392491
12 10 0.8285039050803349
10 16 0.6614806406869596
19 10 0.5261995825420516
10 22 0.5454375226581019
10 23 0.7057929624462302
10 25 0.6632362626105492
10 26 0.9946713036669819
10 31 0.5969621023944622
39 10 0.679842429722572
10 46 0.5076948251072397
14 11 0.6106788285820706
30 11 0.5611116891462697
12 13 0.5440214966227923
13 12 0.5756526203103067
12 14 0.5361130467546047
12 15 0.8186476456292069
16 12 0.5932178207939081
12 17 0.5439721102663204
12 18 0.5791037667100449
18 12 0.7918680724848692
19 12 0.6199963481776216
12 26 0.5562019436198162
12 34 0.7588264268224341
34 12 0.5736342164256054
12 36 0.506280898577977
36 12 0.7176944856662757
12 39 0.622604174214761
42 12 0.8117053450114211
12 45 0.8013435303114185
12 46 0.6822941416813704
12 47 0.5210463296561545
16 13 0.5226833883408877
28 13 0.7103017491149504
33 13 0.9387227945480081
39 13 0.7452252709718541
40 13 0.5206002807374
16 14 0.9792979555570704
14 19 0.5244800260280664
14 20 0.6480093790605216
14 21 0.538829715580055
14 25 0.694849246223409
14 27 0.6199102805254915
27 14 0.8568678964568295
14 28 0.5641735808857544
28 14 0.5281060303106566
14 29 0.5440084040475313
14 39 0.5091904366726359
42 14 0.6221493319002767
46 14 0.6061897454395289
16 15 0.5382825184277162
15 23 0.7419158455960666
15 27 0.6721628647826514
27 15 0.5081319897103105
33 15 0.6774401126718732
15 42 0.5402417852914521
43 15 0.7482928339365815
17 16 0.674592842369047
16 18 0.8289151942408937
16 19 0.5604483152171986
16 23 0.5214997858685575
16 26 0.6578697823448578
16 27 0.6264405204835031
28 16 0.5043147621481074
16 29 0.507113647657708
16 31 0.5367876467792732
16 35 0.7978414734557733
16 36 0.5982675401074282
39 16 0.6123711241517956
40 16 0.5986545627991062
16 41 0.5908697596212711
16 42 0.6637377871623622
19 17 0.7080878196783893
17 22 0.8561530171146168
17 25 0.6091810516149117
17 27 0.5514906853270116
27 17 0.6346165579091987
17 29 0.7247748700983343
17 30 0.6654428268200085
17 32 0.5248468914333109
17 33 0.5002717387295814
17 35 0.5904106109983003
17 37 0.5063918153858251
17 39 0.5382734824691018
39 17 0.6245587306274638
42 17 0.5938762957101322
43 17 0.5644530303444031
17 48 0.5076117510254405
18 19 0.5331285029522586
28 18 0.5448605808164235
33 18 0.7160298408560186
35 18 0.5718092893797622
36 18 0.5786272028723483
40 18 0.8143240137043273
18 42 0.5636259089630817
19 20 0.5222257627908042
19 24 0.6794416695160244
19 28 0.5556615373588106
33 19 0.5160999425264137
19 35 0.5162864572133739
37 19 0.7479354428024032
39 19 0.7035870530591902
19 40 0.5814037215058452
19 41 0.573473739335812
43 19 0.5172532787586661
19 44 0.658185242255253
19 45 0.8049215452724121
19 46 0.5464987070172473
19 47 0.5502840149436798
19 49 0.889342828892514
28 20 0.877011568171886
36 20 0.6790761462980421
39 20 0.5213843464584591
46 20 0.5980512338113306
26 21 0.5924511318929884
39 21 0.7577172527570308
41 21 0.5408336755538647
22 38 0.688027021292289
22 47 0.5002011564259943
23 30 0.6323874002697878
23 38 0.6125689984745504
39 23 0.5999491449111186
23 41 0.5089688712236524
23 45 0.8413624205348027
23 48 0.6006242845891616
42 24 0.7248545645928017
25 34 0.5322008251753092
46 25 0.9769063235932989
26 30 0.5036420265782804
33 26 0.6554182220307635
26 36 0.8630879131340581
39 26 0.6783433467458359
44 26 0.5780465924325762
26 48 0.5266527506259175
34 27 0.6968093169394116
27 36 0.528709232486704
27 49 0.5333613902837682
28 30 0.5855749518223106
28 33 0.6102805291151128
28 36 0.5343733176727723
37 28 0.5663581936076998
28 39 0.5483001177124734
39 28 0.6010011894165737
40 28 0.6782588133182246
42 28 0.567101818883941
28 43 0.8621783116893647
28 44 0.5358039080679813
34 29 0.5333188713772481
39 29 0.5346122565688098
43 29 0.5364755621621795
30 31 0.5005571956659172
36 30 0.6500767887473078
33 31 0.6457912452105856
36 31 0.6590782063195564
37 31 0.5803071814890115
46 31 0.5067028662034077
33 32 0.6470721234713248
34 32 0.5073765208476184
39 32 0.7590158768292479
33 35 0.628017564953343
33 37 0.5598193133034028
33 39 0.5202102716945911
39 33 0.5051248220474884
33 42 0.6219280760080523
42 33 0.5296049802392497
33 44 0.5235200343614865
33 46 0.5070901946707254
33 47 0.7052652694682481
34 44 0.5091205979415592
39 35 0.539377447038814
35 42 0.567172305841255
42 35 0.6452677540007395
43 35 0.5415287221807543
35 48 0.5663365405768639
36 39 0.5761004062782749
36 41 0.5193590844763021
43 36 0.6577727578032209
36 48 0.5104894063326599
42 38 0.6719090703822079
46 38 0.6102777217730664
39 40 0.8477867890891022
39 43 0.617160810594235
39 45 0.5670240422359465
39 49 0.5195447472540262
43 41 0.5744475818274237
46 41 0.5206182469129708
42 43 0.5812796473758948
46 42 0.8512919931324802
42 48 0.6325929040926002
43 47 0.5194484644790236
46 49 0.5524592246266096
4
7 0 0.6498486321300465
0 13 0.5318466502193833
26 0 0.5256014418475561
49 0 0.6507247569901493
1 4 0.5564059524899874
1 5 0.6446294875097958
1 6 0.5350142430472178
6 1 0.5885702153494763
1 13 0.5161751164595103
1 21 0.6016362584509976
1 28 0.6625335448815397
30 1 0.8967391680509063
31 1 0.5038146731272533
1 37 0.5368478026230821
42 1 0.9566238397228748
43 1 0.8318631627225326
1 45 0.6081097676728646
1 47 0.5895017447267146
49 1 0.7188071591994091
26 2 0.6273844107414825
31 2 0.6128011279877525
41 2 0.791801082521844
42 2 0.5620986288779588
26 3 0.9898537342154412
28 3 0.5838951299217234
32 3 0.7759082590991753
3 37 0.7252745659027751
38 3 0.6748333114877487
24 4 0.6291344715357329
31 4 0.5356339951081812
32 4 0.6584262216218757
5 12 0.6743681622494657
17 5 0.5167029625322428
21 5 0.7479524078294411
5 23 0.7270211522092529
26 5 0.5304278018284212
5 41 0.5092782022994091
5 43 0.5201546544153626
5 47 0.6967970109858423
6 7 0.5178409292824768
11 6 0.614669124564426
6 18 0.5482499409505953
24 6 0.7744888548800988
27 6 0.6416839878102769
6 30 0.7671945272626179
6 35 0.5596179896210688
6 36 0.5300762374367602
6 37 0.5091826439381231
6 41 0.5559636971926587
6 44 0.9164376350123729
6 48 0.616097919341662
6 49 0.5658609209806749
7 14 0.574956083384446
24 7 0.5380934927182568
28 7 0.64374854204607
7 35 0.5300591528228609
35 7 0.545934052951004
7 41 0.748505468277356
49 7 0.6421763674407106
12 8 0.5447891810248595
26 8 0.676494913456428
32 8 0.5864690654775702
49 8 0.5523194475084858
19 9 0.5732709345815559
21 9 0.5060860656071233
24 9 0.5496344720889639
28 9 0.6657792095796276
32 9 0.7095445800091786
34 9 0.7591927803003469
41 9 0.5476399050268168
24 10 0.6154925143692354
28 10 0.5820170049467458
37 10 0.8529836885961024
12 11 0.7176414542875675
11 16 0.6073338988661487
11 18 0.5531808005625576
11 25 0.5285825043848711
11 27 0.5098472611058502
28 11 0.5402032206900536
11 30 0.5978005658238579
30 11 0.6428283930609131
32 11 0.617579111501543
11 41 0.567095433728815
11 42 0.5288339659468384
11 45 0.5223772684488599
11 46 0.5144748985107783
11 48 0.5025442102955777
12 14 0.8540678760924658
12 20 0.9379003445222458
12 27 0.6630462804537667
28 12 0.6268447056929214
12 37 0.6549893512236538
37 12 0.6911151488482099
41 12 0.7229475321442549
12 47 0.5503032296072895
49 12 0.7721829045266888
26 13 0.5702836731701704
28 13 0.5418783838902117
19 14 0.7941781166149735
24 14 0.6498466960999871
26 14 0.5236819537080826
32 14 0.5569727994218423
41 14 0.6794639467925772
42 14 0.6837800468121262
28 15 0.7721759398502961
30 15 0.6021187727307153
32 15 0.6303302694345496
47 15 0.5617703488876449
49 15 0.7511141898867715
28 16 0.648049041545044
41 16 0.5985111935669112
16 44 0.7153779018267974
20 17 0.54754140172775
21 17 0.533342824490016
24 17 0.7956220613896321
28 17 0.7735765455429005
31 17 0.5522552196409707
38 17 0.527389511445475
17 45 0.6917969866851892
20 18 0.525053952969236
26 18 0.7252054595753509
31 18 0.6020714672835119
41 18 0.924361259029352
19 23 0.7800448092867089
26 19 0.7438191330701809
20 22 0.5307408203569242
20 23 0.5683206938606766
26 20 0.6340122334754807
27 20 0.7222642464427544
20 32 0.5259660539469881
20 38 0.6707014486603393
21 27 0.5087062656528116
27 21 0.5249841478686108
21 32 0.5940265329581809
32 21 0.5292039229258654
21 36 0.6384886747635777
21 39 0.8340413303489773
21 41 0.6653651018320033
41 21 0.6778293829626649
49 21 0.709867836310309
24 22 0.8889284364701124
26 22 0.6035160393441747
49 22 0.7838486754766327
24 23 0.7369198016254925
23 28 0.671867917385218
28 23 0.5199358344533065
23 29 0.5080953150555159
23 30 0.6529469744285201
31 23 0.6152096482424116
23 32 0.5290685568846389
23 37 0.5475567493792497
23 38 0.7156517906926505
41 23 0.7661931250903613
26 24 0.9023751023499045
24 28 0.5554994662319976
28 24 0.5675701060079559
24 34 0.6330189184424246
24 37 0.6389352030445724
24 38 0.6781754838645722
41 24 0.5286914464771153
47 24 0.5288337962651617
49 24 0.5743929178577216
31 25 0.8190398604226599
49 25 0.744644652239196
26 30 0.9792785657814382
26 31 0.6783963471994993
32 26 0.7644052810043398
26 33 0.5029568732089988
26 34 0.8742755343793638
26 37 0.7239245391244813
38 26 0.5534671818097343
26 40 0.5340735331804418
26 45 0.5958961678769386
47 26 0.6146463066434285
49 26 0.7304329069227482
28 27 0.6567267444956466
27 32 0.5255685442687736
27 34 0.5730104057153045
27 46 0.5587021602526585
49 27 0.6880686342552387
28 35 0.5520564208274146
28 36 0.6598598030252185
28 38 0.5774070702785792
28 39 0.7522221568896512
28 40 0.5319620445260023
28 43 0.5152765848426628
28 44 0.5291654495032299
29 31 0.5556561571506153
41 29 0.6103886887189456
32 30 0.7017406538681183
30 33 0.5282494995635696
41 30 0.5939264157526297
31 40 0.6290561916199207
31 41 0.6961377476964845
31 48 0.7755381572908173
32 34 0.5991462944144978
35 32 0.5375279666820807
32 38 0.6101509995664323
32 39 0.5080771791888286
32 40 0.5981036724206008
32 41 0.627313067835691
32 45 0.8205144767084851
32 49 0.5201127077086769
49 32 0.5318744509462185
42 33 0.6038052699133571
49 33 0.5156765513242914
42 34 0.7576231029756546
39 35 0.6180524469416
41 35 0.531552990780217
41 36 0.5159340134930142
48 37 0.7572453742035667
41 38 0.5353012913201773
38 44 0.5067953816831245
39 49 0.6250146176236626
41 40 0.8809596869029384
47 40 0.5635835370740443
49 41 0.5893406126642965
49 43 0.546724993364136
