50
5
12.111705065199288 13.231598854568194 17.648838678039095 11.652312360865665 1.445214655114471 2.770961601086082 6.298398519774895 6.211306864160559 21.424732361701288 21.167257943288313 21.070844362368273 4.781945573883829 5.771361004299928 11.886175406875024 10.819291363627949 13.7156342995156 4.28944928155219 8.281279666307846 10.49062994426654 16.192827329637996 12.526275353194304 6.466230415674167 7.7377614858510615 7.947939923805121 8.701837573054664 13.735446865638545 19.593866973858393 17.122785448976963 1.3776502453696964 8.215458797920366 11.08993292353593 5.95405996659779 2.35134644240489 8.352698152932353 17.42030129183206 5.90612090605494 3.4485019579121525 10.489242878146513 6.274202205244284 9.293717872100439 5.580599052942193 9.976603973058493 11.149091452528701 4.2125679727929946 11.464037133865618 11.419939175613184 17.338451915067868 8.675022758729227 5.026248129951516 9.890295619212544 
0
3 0 0.6565567933030863
33 0 0.5502550114961156
1 18 0.6447175957285487
1 47 0.6415382276481754
26 2 0.8377320707996267
3 21 0.6801825679349025
3 31 0.8579465668460404
3 42 0.5061082581031224
8 5 0.7383114401857478
5 12 0.5112527868593593
17 5 0.5024157943579075
5 18 0.6141643458672836
26 5 0.6667924451387348
46 5 0.6341173313620752
27 6 0.5575853221703475
14 7 0.7487050795103587
7 21 0.7737808446390593
39 7 0.5278554021765416
49 7 0.5675429254507856
8 18 0.8069803865598657
8 40 0.6922573423860556
40 8 0.5396848940536281
8 43 0.6934947465166685
8 46 0.5425961564709441
46 8 0.6158041229345972
10 9 0.5942647202600999
14 9 0.5051487492521325
9 27 0.5988861753371018
49 9 0.5121577715220287
10 18 0.9693033396129518
27 10 0.5876160939252701
33 10 0.5205896538335968
10 42 0.5082624342290709
47 10 0.514184872260943
27 11 0.5364695479802881
38 11 0.6359810768906444
22 13 0.5308004567948734
14 19 0.6815154134840244
20 14 0.9647130415723892
22 14 0.9591066760115492
27 15 0.585132444665527
20 17 0.6632123580678262
17 30 0.617266341094064
40 17 0.5117382732739522
39 18 0.513158776751826
26 19 0.5873771827063177
46 19 0.5957253710006103
20 21 0.5301852467020701
27 20 0.6145463864595322
20 38 0.5670014185828884
20 40 0.575632058595273
22 25 0.799972828052187
39 22 0.6646535864197778
27 23 0.6210920781323157
33 23 0.6657199735035912
36 24 0.5952971461137151
42 24 0.5116032158071058
35 25 0.5095801144307199
39 25 0.6265637293755311
42 26 0.7163284972751565
49 26 0.7282895486795398
27 35 0.8791525339096073
27 38 0.5891276035823803
27 44 0.503272993179255
27 45 0.6328350282098825
27 49 0.6424695605045323
39 31 0.610359997845068
40 31 0.5347013610298981
42 33 0.6738690070937536
34 41 0.7714126972013291
42 35 0.5869343568246157
35 44 0.659128921919186
49 36 0.5334738486567967
47 38 0.5225601532100683
42 39 0.5635619582600979
39 48 0.5610798518034459
42 41 0.5294059251556082
46 44 0.6383050738515401
46 45 0.967276211684247
1
0 4 0.5340126912363083
0 5 0.5678197955600098
0 6 0.5983059789458991
6 0 0.6413070216761119
0 7 0.7396735863224942
8 0 0.5625088173413202
0 9 0.592307752610203
0 10 0.5452289190323527
10 0 0.6728738370649125
0 11 0.6978321200324715
0 13 0.6820639852930718
13 0 0.5495237529800061
0 16 0.5229271098641814
0 17 0.5640569514279108
0 18 0.6206980034542688
18 0 0.6848532626177211
0 20 0.5482166556432981
20 0 0.6679814798471542
0 21 0.6333302757529851
0 22 0.6118878186035328
0 23 0.7993023258874444
0 24 0.6846179208590641
24 0 0.5810323312524872
25 0 0.7156845084905927
0 26 0.5827152590842714
0 27 0.6288214513832975
0 28 0.6462632254774903
0 29 0.6070378843469662
0 30 0.9293745625623602
0 33 0.5201107300604596
0 34 0.8167577270991967
34 0 0.5433452838529558
0 36 0.5671303179926515
0 38 0.8992599021246106
0 39 0.7047185944442
0 40 0.6088596391222029
0 41 0.737631428224095
0 42 0.5136854284048129
0 43 0.5239826164192047
0 44 0.560374303323956
0 45 0.6206836922353409
0 46 0.6683407411241418
0 47 0.9028716750561145
0 48 0.7162103584342663
1 2 0.7995787065549511
1 4 0.8519151251522719
1 9 0.5186968681945483
10 1 0.5200113544528244
12 1 0.7050664411891845
1 13 0.700383844480807
13 1 0.5552664132860178
1 14 0.527053086864772
1 16 0.5157418030610739
18 1 0.6230601073262103
1 19 0.5896908068466273
1 21 0.5121320908780023
21 1 0.5298750186292993
1 22 0.5388135642673448
1 23 0.9495713221283675
24 1 0.5516284067967963
25 1 0.5490469813825132
1 30 0.5501503235348151
1 31 0.6042244158042822
1 32 0.5617379086130685
1 35 0.8778519493336168
1 42 0.5054430825716247
42 1 0.9798004814927117
1 43 0.6029394323226902
1 48 0.7994390960587672
2 3 0.5590101134456125
8 2 0.5716899853074482
10 2 0.5553471765623283
2 12 0.6763826297829623
13 2 0.5541563781360956
2 15 0.5781584966271855
2 16 0.6770217546812125
2 17 0.6148745173046876
2 19 0.566101688033194
2 20 0.578851902470511
2 21 0.6398979223845118
21 2 0.6033769082353432
2 24 0.5271363552706615
24 2 0.5463540091990673
25 2 0.7903663025248155
2 26 0.5943315350663728
26 2 0.6589821024431028
2 27 0.8121888073528296
2 28 0.5159727303239382
2 29 0.6133666177264934
2 30 0.7644261784069175
2 33 0.7202216082261645
2 34 0.5799342568784546
37 2 0.5930806334488963
2 38 0.6086951966288667
2 39 0.6602274477851156
2 40 0.5769224523336844
41 2 0.8047499523322024
2 47 0.5759541526370096
12 3 0.5584565388484739
13 3 0.5970032721879998
24 3 0.6430202666051147
26 3 0.5748349382173736
39 3 0.511143634815765
8 4 0.7425185972441428
10 4 0.5435592558246514
13 4 0.5884556582587809
15 4 0.5123730646923876
18 4 0.5384406598710667
21 4 0.7029962714295896
24 4 0.6995965811311778
26 4 0.572488544195376
39 4 0.5223379451200285
7 5 0.6994155826847227
8 5 0.5069156488964799
10 5 0.6037737506047618
15 5 0.5497969753610537
5 16 0.5704852925546273
18 5 0.6832151257725768
24 5 0.7509334670338834
28 5 0.9237372370969434
5 30 0.986938408989982
36 5 0.5424454286571476
38 5 0.5698924070095961
43 5 0.5325002393816669
46 5 0.7615273140231074
47 5 0.549101530987377
6 9 0.5504688169904974
18 6 0.5405274117456773
6 22 0.5672819833819074
24 6 0.66764782984824
6 28 0.5010177015768194
6 35 0.7764602495022019
38 6 0.5130158630462887
6 40 0.6810686215509041
6 42 0.5085084043734169
6 43 0.5506503526649358
6 44 0.7417484171461608
13 7 0.6235536064465126
18 7 0.5567019073400261
20 7 0.6973395627862216
24 7 0.6505780250872009
7 33 0.7874160668899455
36 7 0.5011006215822278
37 7 0.5676925608448213
7 45 0.5308694816224244
7 48 0.7582908692543908
8 9 0.7568899306508048
12 8 0.5795885292306768
8 13 0.5332085672283214
13 8 0.7346434318342505
8 14 0.7179863480276927
8 15 0.5605615730648117
8 17 0.5313943279638876
8 19 0.8261508455696303
8 21 0.5755408486559499
21 8 0.5776856008603807
8 22 0.5195200376932514
8 23 0.5265758377542149
8 24 0.5086585036119705
24 8 0.6640467245447822
8 25 0.5214410070098521
25 8 0.6582295550941217
8 26 0.8944414793980021
26 8 0.9465576899897092
8 27 0.9699306564788217
8 28 0.6596711507970342
8 29 0.7705540452258705
8 30 0.5170022813196389
8 31 0.5367218025012829
8 32 0.5811041862775568
8 33 0.9442852936272101
8 34 0.5565968813808947
8 35 0.5164529864839102
8 37 0.6349259179693114
39 8 0.5009750523538883
8 41 0.6903760205196698
8 42 0.5756694200075672
8 43 0.6559548899910205
8 44 0.6706414813509239
8 45 0.5770925974944119
8 46 0.5439625141277158
8 48 0.5913925558826048
8 49 0.5590235691613042
15 9 0.5320214895058133
18 9 0.7394070727494623
26 9 0.6422915457599438
34 9 0.5635390582458342
46 9 0.5080561088180959
13 10 0.6908314379456623
18 10 0.6902853211875848
10 22 0.5083655996139289
10 25 0.5511137796496417
26 10 0.6097583116955068
29 10 0.5791078277604851
10 30 0.6479742921009345
36 10 0.7563036132108902
10 37 0.504004934008154
37 10 0.6566076832490881
39 10 0.6501500734936507
10 40 0.604892362502724
41 10 0.5989505349098043
10 44 0.6516435516285057
10 46 0.8537532101217744
46 10 0.7094768434144794
10 47 0.562465057090533
47 10 0.527274231456438
13 11 0.6627556486739756
24 11 0.7547278879529111
34 11 0.5746023087029661
37 11 0.5983146913813846
39 11 0.5125903598715684
42 11 0.7924796129332337
12 16 0.5764410574922187
18 12 0.5796608312712823
12 21 0.5602497726526698
21 12 0.8913581889032229
12 23 0.7601212773171244
24 12 0.6150413884599076
12 25 0.6203009819843539
25 12 0.8836640105694642
12 29 0.5202930070100775
37 12 0.5170281865361757
47 12 0.5624118933156343
13 14 0.6213125236489191
13 17 0.5964480051494487
13 18 0.76769303121262
18 13 0.6512316779042864
13 19 0.5879960422477334
13 20 0.5452981692708289
13 21 0.5662975494817976
21 13 0.5175935305942181
13 22 0.7978550108278993
13 23 0.5798431611888228
13 24 0.8710063691681402
13 25 0.6547917998957993
25 13 0.7544262578399956
13 26 0.8702755422437969
26 13 0.7265284616631891
13 27 0.5075323998002703
13 28 0.548315063451217
13 29 0.555899748592309
13 30 0.7342168588482938
13 31 0.7024736482527498
13 32 0.5966016279182003
13 33 0.6768422462199399
13 34 0.6115798951559219
13 35 0.5425985338478208
13 37 0.7043919030192899
13 38 0.6551166927765281
13 39 0.5977339022044831
13 43 0.6349250230929242
13 44 0.6665390980576463
13 45 0.5570644725819501
13 46 0.5736198558286725
13 47 0.6750421577823954
47 13 0.5872548302401885
13 48 0.5808240473667733
13 49 0.582098022626261
18 14 0.6613343861582703
24 14 0.6379080365356982
14 25 0.5170485519763017
34 14 0.7438557808133994
14 39 0.5420494357711878
15 16 0.6205815371389733
15 18 0.8063428840680975
15 24 0.5241846030395152
25 15 0.5775408702400614
26 15 0.5011717658978272
15 28 0.6249042415405162
15 30 0.6227575606689455
15 32 0.5445361617383762
15 33 0.5636395553793441
34 15 0.7725951198230062
15 36 0.6857676565257426
15 37 0.580545408635937
15 38 0.6255621185792488
41 15 0.5901911626972858
15 42 0.5011223524318211
15 47 0.5141438598310446
15 48 0.507066001384463
18 16 0.6045054841032965
24 16 0.6112627886984296
25 16 0.5047534292972249
26 16 0.6004166231724887
46 16 0.8274164364229626
47 16 0.522654652534617
18 17 0.713509800243278
24 17 0.5743187270810992
25 17 0.7374280290718369
37 17 0.5354032799606618
44 17 0.5327987519740653
17 49 0.6721857230919741
18 19 0.5316074240898118
18 20 0.5215148204769738
24 18 0.6286337270284723
18 26 0.5336787701269531
26 18 0.6052439699009305
18 27 0.5607141616833359
18 29 0.655037579026106
18 30 0.7542187384596708
18 32 0.6637753806362424
18 34 0.5804330749279076
34 18 0.5209904731013892
35 18 0.8478178282267486
18 37 0.6620333002450713
18 38 0.5352023701963853
39 18 0.8511093171252655
18 40 0.6719924306562257
18 42 0.6827560188637578
18 43 0.6450382344682859
18 44 0.8161754996988525
18 45 0.5610175621034041
18 46 0.525440850925651
18 48 0.5480230266681105
18 49 0.7239114995601443
19 24 0.5151092372362918
24 19 0.7282969412485674
26 19 0.7622863072795552
19 29 0.5122858346690502
19 33 0.6480976656912021
19 35 0.5998174183079426
37 19 0.6286187565806143
19 45 0.7282577700195152
46 19 0.6650750691618597
19 49 0.5667998547329489
24 20 0.6782997843001382
20 30 0.5595463249654122
35 20 0.5273075174134094
41 20 0.5131183771465238
46 20 0.5440030084024209
20 47 0.6491739665372909
47 20 0.8380494567045846
21 22 0.631803092327079
24 21 0.5628897284633119
26 21 0.6478945149312326
21 28 0.5201218841929474
21 30 0.5253025006669951
34 21 0.5702044422344008
36 21 0.7619746197614188
39 21 0.5403511868886088
21 48 0.5493710676542158
24 22 0.6548201006065583
25 22 0.7398948484897976
22 28 0.7772050608232699
46 22 0.8760185274150298
22 48 0.5835068057515531
24 23 0.8111401554531705
25 23 0.8919745515063453
26 23 0.6729614373425836
28 23 0.6086862680110663
34 23 0.5642287346031625
24 25 0.562599445233115
24 26 0.544559798358651
26 24 0.5864324907801288
24 27 0.8505333957161374
24 28 0.514860718988565
24 29 0.6037124713586204
24 30 0.574129943311418
24 31 0.6320725649742958
24 32 0.5406293686922621
24 34 0.695099892768283
24 36 0.7211300576894457
24 37 0.662540525731077
37 24 0.8207403449679271
24 38 0.580471612724751
24 39 0.5433125656193696
24 40 0.5424465932724318
24 41 0.5286003506057902
24 42 0.5688080934491211
24 44 0.6486985122636071
24 45 0.5607086034165547
24 46 0.5942488854268685
24 47 0.5661693468800862
24 48 0.5770988570461771
24 49 0.5597536084979001
49 24 0.5033022335255035
25 26 0.8574056609032279
26 25 0.5180226269958358
25 27 0.6013998457874927
25 30 0.9585840467591784
25 33 0.5888447769314269
37 25 0.6383565543108596
39 25 0.6063368717551085
25 40 0.6189472422345144
25 41 0.5114553384816691
41 25 0.52191878276889
25 42 0.5712801568780828
25 44 0.5562582796589055
25 47 0.7365715102950977
26 28 0.5673182866265574
26 31 0.5852066846696233
26 32 0.6996068701853768
26 33 0.5706338704016938
36 26 0.6731739884659547
37 26 0.8841495464690892
26 39 0.5808148708443073
39 26 0.6455986841695827
26 40 0.6703232821766975
26 41 0.5670170932996128
26 42 0.6122648397458565
26 43 0.5688512845093336
26 44 0.5183008034004621
26 45 0.5195503016613854
26 46 0.5931877422404597
26 47 0.5622367026439264
26 48 0.7576670243541561
34 27 0.5617800479665807
37 27 0.5428129161141918
46 27 0.5551629290570372
47 27 0.7270101661570502
43 28 0.5472348572109598
47 28 0.5679580513904834
29 35 0.8635775497469684
29 40 0.64112155559835
29 41 0.961877402860416
41 29 0.6361681559818417
43 29 0.5033270442155113
37 30 0.6004569000181724
36 31 0.5075427343151939
42 31 0.5516401102296288
33 32 0.5188106494038185
37 32 0.5565715750075646
39 32 0.5379934499926042
40 32 0.5568950657818115
34 33 0.9099338846023408
33 36 0.5432227945108965
37 33 0.6116941217464302
41 33 0.6006345532982622
33 42 0.5579771052792986
44 33 0.5084002290019218
34 37 0.9779439562730756
37 34 0.8194113163965854
34 38 0.5669982762769252
39 34 0.8224219592619908
34 40 0.5773134494546213
34 44 0.5814795944239688
34 46 0.824915035866746
46 34 0.527501425540053
34 47 0.8185060180117032
47 34 0.6845501235004805
34 48 0.5089910705241554
34 49 0.566614595853411
37 35 0.6801489320198588
47 35 0.5511510075390456
37 36 0.7914629437764495
39 36 0.5510608356491568
36 40 0.5936855184137799
36 41 0.7827081414113268
36 42 0.570597689245105
36 44 0.5705457928664772
36 48 0.6200759773556519
37 41 0.5366741084946098
41 37 0.5214153681066516
37 43 0.6359052192680206
37 44 0.6920104874805616
37 45 0.5308589265101966
37 49 0.5926848632441808
38 39 0.6644830984392989
42 38 0.608862845203402
38 46 0.9419001347551075
39 41 0.5155711902308941
43 39 0.5711599286705125
39 45 0.7112143967496987
39 46 0.7234241255396185
46 39 0.6252552053892635
47 39 0.8929346994578353
39 48 0.5842480817807485
39 49 0.5469352800460108
44 40 0.5135791361141606
40 47 0.7464444996969282
47 40 0.6134299685832363
41 42 0.786383650513925
41 45 0.5735054232248529
47 41 0.7791354435558113
42 43 0.6512458955277483
46 42 0.8065762655731972
42 49 0.5769591013882638
46 43 0.5347633129355085
46 44 0.5971094353355101
47 44 0.5527932862728664
44 48 0.564838078210687
46 47 0.5825526810118771
47 46 0.6413335146843053
2
2 0 0.8853450071940421
3 0 0.6845290098154034
10 0 0.8248107992060616
15 0 0.6054061591753441
20 0 0.8915608147601093
0 22 0.5447736753297521
37 0 0.7081102959379407
44 0 0.7915585631970323
48 0 0.5744126877037152
49 0 0.501595100148684
2 1 0.589561156093211
3 1 0.8443851869471236
8 1 0.5380114679096646
10 1 0.6165501698033693
19 1 0.5183536557117834
20 1 0.5034229892466018
22 1 0.6785428530138692
1 34 0.8470580944147865
43 1 0.6293056239517164
44 1 0.6755301244946188
2 4 0.701650762132509
2 5 0.52071882008429
2 7 0.7045179983981029
2 8 0.5723136300976508
2 10 0.6301104069451622
10 2 0.5704135570163102
2 11 0.6521531128678895
2 12 0.6031132171823466
2 13 0.6142763761864315
2 14 0.5296689664240044
2 16 0.6774110561476654
2 18 0.5208989760605185
2 19 0.6493588333916732
19 2 0.6910476397140458
2 20 0.6908153424721492
2 21 0.6009851172623752
2 22 0.5500987443107073
2 23 0.6621978256359192
2 24 0.7407791055519456
2 25 0.6907467595226706
2 26 0.5425832953320572
2 27 0.5733848539472018
2 29 0.568434495528978
2 30 0.8128777283681798
2 31 0.5610481027385361
2 33 0.728972189178809
34 2 0.7049326959315677
2 35 0.7616214492646607
35 2 0.5742654027897129
2 36 0.5293217506786532
2 37 0.799141439947288
37 2 0.6813292893849613
2 38 0.5673605247411369
2 40 0.5325033759276772
2 43 0.6677049955809224
44 2 0.5102989729051566
46 2 0.5367010320390828
2 47 0.6921232621038974
2 48 0.5112096563864805
2 49 0.6381820984355013
49 2 0.5057646048399389
3 5 0.6424667414268338
5 3 0.5340626993168069
3 7 0.6758509855573314
3 8 0.5622228296994408
10 3 0.5159707960011033
3 11 0.6747978370368226
3 13 0.5023678938860441
3 15 0.5427281408360336
3 16 0.6711452840797794
3 19 0.6219739855094915
19 3 0.5498663072921901
3 20 0.5423352877515694
3 21 0.6998901547923972
21 3 0.5350362067214336
3 22 0.7653569050234705
22 3 0.5606594952091596
3 26 0.5093380681325168
3 29 0.5356074380949032
3 31 0.8334328352173712
3 32 0.6569848016835589
3 33 0.8481856188254648
33 3 0.7560482148401045
34 3 0.6483107142621329
3 35 0.5451924680811306
37 3 0.5607077458903389
3 38 0.6165278914592387
3 41 0.6680562638062726
3 42 0.8065953539285271
43 3 0.5828843813461135
3 44 0.5362846368976801
44 3 0.5686931206550352
3 45 0.5684353608694162
3 47 0.8146981977804515
48 3 0.5615218365667196
3 49 0.7240519233190117
10 4 0.8157164440342489
20 4 0.5211318487805934
4 30 0.6966901067155011
31 4 0.6392035190311658
42 4 0.7226614052222324
4 49 0.5428149933313942
7 5 0.5291249383869301
10 5 0.9635933841501854
5 17 0.5739013480422561
19 5 0.6895214194032409
20 5 0.5759014912972287
22 5 0.6168163167264801
5 25 0.6235017346757843
34 5 0.7819967661550503
5 39 0.667545398429092
43 5 0.6203137066690116
44 5 0.5901466058505848
49 5 0.5871920226595093
6 9 0.6288333043897589
10 6 0.7333223022517537
14 6 0.5100617767149698
15 6 0.5305795132498545
19 6 0.5987948564691316
22 6 0.5090873801647569
6 32 0.5557776785297917
33 6 0.9712450231530356
37 6 0.5564639349733593
42 6 0.6710312035096482
44 6 0.7504553834964982
48 6 0.5206320520614505
7 9 0.557507167800249
7 10 0.5283679555910559
10 7 0.5383251756432179
7 13 0.5309789384780645
7 14 0.5099294318767802
14 7 0.7118873289853573
7 15 0.6429774818745677
15 7 0.6234565634540384
7 16 0.6215397660075102
7 17 0.7435294251294682
7 18 0.5697034267487601
7 20 0.7206255150659417
20 7 0.8254547712141063
7 22 0.5838250023165492
7 23 0.6193369769188782
7 24 0.5008440243803616
27 7 0.5942681906993421
7 28 0.5750125429191635
7 31 0.5684373040574657
7 33 0.7198607038263255
7 35 0.5647428983813865
7 38 0.5650708237748809
7 40 0.9341040545139572
7 42 0.766989502807794
42 7 0.5190166526653657
7 43 0.7046958123432256
43 7 0.6376389506652604
7 44 0.5611436744587928
44 7 0.5024300337715004
7 45 0.6322917989629125
7 46 0.539555046894109
46 7 0.8664619435237859
7 48 0.7465004555254868
10 8 0.6906275094980241
8 14 0.5734386401941927
14 8 0.9209457991380974
20 8 0.7785134193422205
29 8 0.7083027645789695
34 8 0.6728235045603352
37 8 0.8265602227244335
43 8 0.5111202650491569
8 44 0.563408929568245
48 8 0.5002348351006662
10 9 0.6098189204048706
13 9 0.8564418394220783
19 9 0.6457213382630411
20 9 0.7093261497150227
21 9 0.6823198844678429
43 9 0.8289956269617669
46 9 0.6721323570690527
10 12 0.7175793684594562
10 13 0.6212528985695034
10 14 0.6584253792566124
14 10 0.8466109746390178
10 15 0.5886643285827367
15 10 0.5131188320873759
10 16 0.6989070782614155
10 17 0.5737686125048715
10 18 0.6233272624030702
10 19 0.6662875524736953
19 10 0.6502282016262957
20 10 0.6479770283401061
21 10 0.6883192283216837
10 23 0.6408198155826793
10 24 0.6803739062427429
10 25 0.6919180381742266
10 26 0.6834950496006074
10 27 0.5133817703305739
10 28 0.5135207619419249
10 29 0.5297849478276866
10 30 0.701100812155878
10 31 0.7293992864915394
10 33 0.6597471492047856
10 35 0.6144444842475781
10 36 0.6282408796280465
10 37 0.7374312762973911
37 10 0.5204702940160992
10 38 0.7033766795748179
10 39 0.6762759250134861
10 40 0.5135709707121334
10 41 0.6156714371318349
10 43 0.7426969924808133
10 44 0.8577583345047743
44 10 0.5559507058990221
10 45 0.7813385740004848
10 48 0.5984491668892915
10 49 0.5816870384458834
13 11 0.5352654933310077
20 11 0.888338341611494
22 11 0.5753956442217842
37 11 0.6462164990901711
42 11 0.6717971333339674
47 11 0.7812191569529325
15 12 0.509341989221042
19 12 0.9260472444174219
22 12 0.549975926108702
27 12 0.5158979576398397
28 12 0.8240961146061248
34 12 0.7286573492207387
44 12 0.6697677010443788
13 17 0.5514927155063702
19 13 0.6414381514400508
13 20 0.5217587009643081
21 13 0.5957709322138668
22 13 0.945183810771109
13 25 0.7383726218352695
27 13 0.5706826600418047
13 33 0.5080726673772027
42 13 0.5175521011358717
43 13 0.6077332699458924
13 48 0.8266182843180303
49 13 0.5067165717882107
14 19 0.5874428661251803
19 14 0.5634260624684986
14 21 0.5322154489245456
21 14 0.5783825733992385
22 14 0.9052147949159766
14 23 0.5082029056219277
14 24 0.6843558663798843
14 25 0.517779603247861
14 26 0.631069873498066
14 27 0.5517051216268012
14 29 0.8112686958882573
14 30 0.5425399500215895
14 33 0.6490496863090403
34 14 0.5345777514059349
14 35 0.8540920058889134
14 36 0.5374534607233161
37 14 0.7152304736931074
14 39 0.5202669062889707
14 40 0.5370886690116099
14 41 0.8239942938040565
14 44 0.5479321919499517
14 46 0.6879779308809135
14 47 0.5220551271655773
14 48 0.6674928265345839
48 14 0.5058147489380209
15 17 0.65110819221073
15 20 0.5091336401669084
20 15 0.7519156827085194
15 21 0.627564031885046
22 15 0.7027899120968877
15 24 0.5183083606195047
15 25 0.6727560994998487
27 15 0.7436727519983055
15 28 0.6166732738174611
15 29 0.663265313439975
15 32 0.533113478497183
15 33 0.6622099543622533
33 15 0.5281731824664244
15 34 0.5703739438463059
34 15 0.6549821041398889
15 35 0.5359578693052174
15 37 0.5459911533721935
37 15 0.8287185417832983
15 39 0.5209759654060553
15 42 0.5638771202312423
42 15 0.58060513282429
43 15 0.6828531405758813
15 44 0.7125603542880168
15 49 0.5657549427747013
19 16 0.6786003174837938
20 16 0.5732095903041663
21 16 0.8307414543146023
27 16 0.5780303614350828
37 16 0.8233934242927116
42 16 0.5094431395022982
47 16 0.5432761811135323
19 17 0.5760974324616825
20 17 0.5655518794269133
27 17 0.5178412345888297
17 28 0.7679657022226425
29 17 0.5417349901218371
34 17 0.6138642958022342
37 17 0.533535739129193
42 17 0.5762476826178105
43 17 0.5015830646483177
19 18 0.7702716111742363
21 18 0.5165095533099751
18 26 0.5336578208818537
18 27 0.5590278475905834
33 18 0.506887589509891
34 18 0.7425556273428556
37 18 0.5335227080951963
42 18 0.5760224871632174
43 18 0.6115194406336675
44 18 0.7165735794703777
47 18 0.7726389980518575
49 18 0.5050503381337765
19 20 0.5442845556949754
19 21 0.6973421450233841
19 22 0.5347077663786062
22 19 0.6729569736978803
19 23 0.7208410966028008
19 27 0.5620812116986553
19 28 0.6752383655956852
19 29 0.5479265635389207
19 30 0.5033842903126506
19 32 0.6530917909208162
19 33 0.5239144294234532
19 36 0.6213414557548602
19 38 0.8034818764780892
19 40 0.5984426573953205
19 41 0.5233074814351579
19 42 0.5793427377832814
19 43 0.5682642592827585
19 44 0.5492398770991589
19 45 0.5201054389667062
19 46 0.5969960627636046
19 48 0.745334665591987
20 23 0.7103904510134539
20 24 0.5241638687637817
20 26 0.766612105576808
20 27 0.756704162141995
27 20 0.5822932825127687
20 28 0.6134634425278933
20 29 0.5470067961887883
20 30 0.6577975834062018
33 20 0.6425609940275143
34 20 0.6061934458542824
20 35 0.6560337636359443
20 36 0.5339014640711071
20 37 0.5769462606286649
20 40 0.5228749418222827
20 41 0.8080963744004671
20 42 0.5459209000095273
20 43 0.5169048256755755
20 44 0.6600329175828146
44 20 0.5976908386420983
20 45 0.6241108485462437
20 46 0.5419783130342457
20 47 0.6758287010966132
20 48 0.6689022167374683
20 49 0.6128259855441289
21 23 0.5592371875758331
21 24 0.5459951224622022
21 25 0.5323512618332471
21 27 0.6405427102309635
27 21 0.5943465651970277
21 33 0.5836360854252074
33 21 0.5178935325114589
34 21 0.5216965542912685
21 38 0.8274531028535839
21 40 0.6592612719754094
21 43 0.872104549931989
43 21 0.793783337775402
21 45 0.5743481047152432
46 21 0.8703387314332642
48 21 0.6546470971657541
22 27 0.8094415441442875
22 28 0.6751475367194402
22 31 0.5746264252054842
33 22 0.5298801988860224
22 36 0.564079582206584
22 41 0.5152340700402338
42 22 0.556598685959991
22 43 0.7137655572986694
46 22 0.9390244902675187
47 22 0.5595529177581966
22 48 0.7982734413099164
49 22 0.5211382190360492
34 23 0.5839963775960899
37 23 0.85519106089808
42 23 0.5318054272878018
27 24 0.7063039229446848
29 24 0.6446661885701448
33 24 0.6448251611779237
34 24 0.5729124384011652
35 24 0.510785102221861
44 24 0.971656281957263
49 24 0.8586397781595441
34 25 0.7812384719603633
37 25 0.5462339379338472
47 25 0.5887696226761436
42 26 0.6288640068894329
43 26 0.601312261606229
44 26 0.8139008100797684
49 26 0.5581675837009017
29 27 0.5053799951035474
27 30 0.5570619778886665
32 27 0.6950561783012226
34 27 0.757510561890823
27 35 0.5541395901955588
27 36 0.5818138996949039
27 37 0.7361229063329628
27 42 0.6457463206311687
27 43 0.5661984125286469
27 44 0.6268792004634194
27 47 0.5600597814574428
34 28 0.5553209226611358
43 28 0.5001122566300742
33 29 0.6150891716222111
32 30 0.5706192474384209
33 30 0.5710921769376378
34 30 0.6357769601924482
43 30 0.6076160647919805
30 44 0.5032425858706386
30 48 0.6754753866135315
32 31 0.6722437090776834
31 33 0.7812329510907601
34 31 0.5143059162243198
37 31 0.8179866784150205
42 31 0.5137831735408322
34 32 0.5906226982731921
37 32 0.70512754176394
32 38 0.5496282365858993
43 32 0.5377250100899662
44 32 0.7315679043881647
33 36 0.8422454867073987
33 37 0.5398367187197595
37 33 0.5676484453634678
33 39 0.8932910851679388
33 45 0.545670983853138
46 33 0.630476314828153
33 49 0.5269702095443338
34 35 0.5954385217537265
34 38 0.7811540496529334
34 39 0.583807488191458
34 40 0.6980072139103242
34 42 0.6501693412642333
34 43 0.7821196522129505
44 34 0.5688976459027779
34 45 0.8618883348766055
34 46 0.6509300426659407
46 34 0.5585128770892658
34 47 0.5890781295743892
34 48 0.5121382796678993
34 49 0.5580380353318033
42 35 0.6748276756110865
35 47 0.8282625193363045
37 36 0.8245076912960334
42 36 0.7137328644437084
49 36 0.5121571018317956
37 39 0.7574456513858312
37 41 0.5673633132463409
42 37 0.731371026831189
46 37 0.5333344855491327
37 47 0.7495065963638095
40 38 0.5932586146607046
42 38 0.6116343526751687
44 38 0.6662537988103447
40 39 0.5045760448768288
49 39 0.7864171737678982
40 43 0.6931491821935885
40 46 0.5155807254378815
42 41 0.6034304132534292
46 41 0.5124900858079651
42 47 0.7058086131445938
47 42 0.9036880983277089
44 43 0.6241899142680127
46 43 0.523995044935091
47 43 0.8773226850028881
44 46 0.676643420720797
44 47 0.5882360227032264
44 48 0.759580616648915
48 44 0.7847809460068287
49 44 0.7496106748759002
3
29 0 0.970691892879747
31 0 0.5580986967622048
41 0 0.552791245795135
0 44 0.7865944842018764
1 7 0.7350895121490829
1 9 0.5999004570214002
1 12 0.5888569079283412
1 14 0.9057735309450727
1 19 0.7240556062273613
1 20 0.6670994167725051
1 21 0.7256626813699728
1 22 0.5299926891057108
1 24 0.67384128985853
26 1 0.6447194741566775
1 31 0.5615167037145024
1 34 0.5827816997745192
1 36 0.7267705635883683
1 40 0.6298171811619957
3 2 0.760474151206487
11 2 0.5667109259101986
25 2 0.5864435088178346
29 2 0.5152252875163175
2 32 0.7621909246195708
32 2 0.5452491701526379
38 2 0.5093024672118434
41 2 0.9395504882308878
47 2 0.6299251610391186
11 3 0.5324906515318895
19 3 0.7693234523085912
25 3 0.5120984593282876
3 26 0.5571401420939344
26 3 0.686538556556334
34 3 0.761626955696918
3 40 0.6608061452348506
41 3 0.9979914113171824
6 4 0.6797020486322047
22 4 0.7802828130988799
25 4 0.6231311337550798
28 4 0.9431835497821732
29 4 0.808356900502629
35 4 0.6233732443425162
39 4 0.6126303088533853
46 4 0.5120149257135715
9 5 0.6676970511164524
12 5 0.526683134987318
15 5 0.6718539228604774
25 5 0.8013335221524518
29 5 0.6809833304939539
37 5 0.6370223275443792
9 6 0.8059781862588191
12 6 0.8988375167861287
6 25 0.5256907600859368
35 6 0.6750265064062491
41 6 0.5483715783486496
8 7 0.6654560894000334
9 7 0.6765731434577471
16 7 0.5063865814894939
28 7 0.5558742948830737
9 8 0.8093265197498218
8 23 0.5442481335581575
25 8 0.5150399633805542
8 29 0.6453478397793908
38 8 0.5398877556205071
8 46 0.5663584996322191
49 8 0.5486907476827616
9 11 0.5947772410969121
11 9 0.5013488102464565
9 16 0.500762687991571
16 9 0.6905488630808443
9 21 0.5359884287004291
9 22 0.751041276141347
9 26 0.5747558619807125
9 27 0.5393171660387985
9 28 0.5776090761056287
9 30 0.5634872028215776
9 32 0.6631659354088357
9 34 0.8442495580421627
37 9 0.6061852271760875
9 40 0.8803531022674058
41 9 0.5909700221121812
9 42 0.5431029130283112
9 47 0.5459642989226907
9 48 0.6866111327650524
9 49 0.6944793968049832
19 10 0.5886976040962968
27 10 0.5920449350157406
29 10 0.6856842156139187
31 10 0.5587639781024416
34 10 0.6465569873356092
35 10 0.5559762719079817
38 10 0.8630818448751563
41 10 0.5014726338142215
11 14 0.5177471557092392
11 16 0.9522822833257254
16 11 0.5614987095674788
11 21 0.5372336221070952
11 24 0.5207069754269291
25 11 0.6185343657152318
11 28 0.5132704540451263
30 11 0.6403749128097714
38 11 0.6077008095893495
11 42 0.5776905672207777
11 43 0.5181658081174088
29 12 0.526355723775384
31 12 0.5451091387951523
37 12 0.7390329807431466
12 39 0.9136328753067591
41 12 0.5264734468057632
46 12 0.6076341772832516
13 15 0.5283471220794353
26 13 0.7813438113113194
13 32 0.5458318934415654
34 13 0.5379761463405486
41 13 0.7689453318557733
47 13 0.5120610777305896
15 14 0.5861569983443591
19 14 0.6566461500666334
14 27 0.5684748470615844
14 36 0.543852871140192
36 14 0.5164227887950461
41 14 0.5063998980232249
46 14 0.6125714523732435
19 15 0.5170461096675738
15 23 0.5324537597060914
26 15 0.5304742608813853
15 28 0.5246157697765064
15 35 0.5677012378307732
15 41 0.7797764893126153
15 44 0.5736538267247173
15 45 0.7666334604902079
45 15 0.5027809317158127
19 16 0.976463339227408
16 20 0.6053428107372544
29 16 0.8478845973694105
16 42 0.557714165171759
20 17 0.530732567256861
37 17 0.6274123849071804
38 17 0.5143565084692154
49 17 0.6365881199549601
19 18 0.887904931198523
26 18 0.7572160743895711
31 18 0.5524344371292196
34 18 0.5301652288171215
19 20 0.5907141043011717
19 25 0.6913692764900232
25 19 0.7528632420148775
19 26 0.7337018403445126
19 27 0.5329430152763384
19 28 0.6876576319092491
19 34 0.5724505461177416
34 19 0.6958632434431088
19 44 0.5403146610149872
19 45 0.6757942912123873
20 22 0.6208898804977045
20 25 0.5207749159409898
20 28 0.7259473044833051
32 20 0.850155398758242
41 20 0.5612716356048242
20 44 0.5345843117627558
20 49 0.5081071512351378
25 21 0.5215991025162157
30 21 0.7283583533625164
41 21 0.8029378877902948
46 21 0.5443837992103446
25 22 0.5089977676268265
22 32 0.5512163543605471
25 23 0.5669619099149631
26 23 0.5595319692470955
34 23 0.5788391820300962
37 23 0.5193720520235765
39 23 0.5896819925758083
46 23 0.6466303590093192
34 24 0.5145147226687057
45 24 0.6952874885937195
46 24 0.7514756875168642
26 25 0.6309499574647832
25 28 0.5107920022788561
25 29 0.6431024877706073
25 33 0.7781510513792296
25 40 0.5422077038068588
25 41 0.5225798250755145
41 25 0.682686970121702
25 44 0.5599573396542652
25 46 0.5999174540411414
25 48 0.5870332161647502
26 27 0.5822198977623183
26 28 0.6413301348534992
29 26 0.558303976201066
31 26 0.6704175834344701
33 26 0.5209243373469283
26 34 0.7876433605662285
34 26 0.7795313059726274
26 41 0.9319299517895792
29 27 0.5073730118765643
41 27 0.7056602067612348
46 27 0.5228448591536745
34 28 0.5613859252619735
29 31 0.5255651414479525
29 33 0.8152572418418587
35 29 0.7663803095636152
29 37 0.898345050744596
29 38 0.6374387167301634
38 29 0.5338560404624988
29 39 0.949842394071732
29 40 0.5845656203599768
41 29 0.6024790209330462
29 42 0.5724139770798571
29 43 0.6529757909670688
29 45 0.6880188540492058
29 46 0.9553095059230996
29 47 0.720166861083245
30 32 0.5018906225929745
39 30 0.5641772296473553
30 48 0.658515348616536
30 49 0.7700061875002233
49 30 0.5695361910063708
34 31 0.6837192765554265
41 31 0.6003282557526444
46 31 0.5308108323040288
31 47 0.7648056483838814
31 48 0.5005855392403735
34 32 0.849711776057247
34 33 0.6481774169041159
33 36 0.6416560331450878
34 35 0.7011487241670977
34 38 0.6602479510860777
34 40 0.6855553643279255
34 43 0.5307647299139171
34 46 0.6813799442552995
34 48 0.5439454586064836
48 35 0.7394377409786783
37 36 0.6174854368810276
45 36 0.5426952857403069
38 37 0.6147795161935956
47 37 0.6933615719653674
38 40 0.5803872369474146
38 41 0.514880445408261
38 43 0.7478021120563054
45 38 0.5210421795437357
46 38 0.6497060726347528
38 49 0.8380734484207
39 44 0.6799572997815164
41 43 0.6716226026811595
41 45 0.7222269936562522
41 46 0.5365749351492792
41 47 0.5200910649444215
41 48 0.5802009664311396
46 43 0.5873635031949365
4
0 3 0.672285534589518
0 6 0.5312718011615014
0 8 0.6010932285323956
8 0 0.5585886131359463
0 10 0.6932450994687045
0 11 0.8749597755970788
0 13 0.5493636045369292
17 0 0.6849559652419186
0 22 0.7343386610239997
0 26 0.5839629131478246
0 27 0.5542766842620739
0 28 0.5314470919652547
0 30 0.6709807089032733
31 0 0.5117171614441622
0 36 0.8234264557547935
0 40 0.5488518023573856
0 42 0.5911817942215332
0 43 0.5299455118103154
46 0 0.5304149955484632
0 47 0.5569234247417459
0 48 0.5191258386793141
48 0 0.6393151637293986
11 1 0.8807155921310117
12 1 0.6751100103619235
15 1 0.5449802236727044
23 1 0.6098299041804163
44 1 0.5364033465150542
45 1 0.8938700208013368
2 4 0.5377885098845323
2 5 0.6024425939417772
2 7 0.5598444161597675
2 8 0.5815452202864364
2 11 0.6127773083195613
17 2 0.7843091100987574
2 18 0.6615304855998938
2 22 0.6026085281702398
2 23 0.6273816472874889
2 27 0.6944138380099343
2 29 0.8496288630340725
2 30 0.6237824734049009
31 2 0.6397476698175126
2 32 0.5327690500373539
2 34 0.5086144998531432
2 36 0.7131573003835504
2 37 0.7489273430817502
2 39 0.5106699717799081
2 40 0.6024405184890171
44 2 0.7082575662493784
45 2 0.5851237320448006
2 46 0.5291663573840251
46 2 0.721730410345435
8 3 0.6911015121432524
14 3 0.5585608818519892
18 3 0.5338834228842435
3 25 0.5554744160595575
11 4 0.9325694592604934
23 4 0.5327318986766305
5 7 0.5008637056766672
9 5 0.5295532661264554
19 5 0.52527617907247
25 5 0.6979815400390148
5 32 0.5330367475894738
45 5 0.5058137749326739
46 5 0.5641658920592574
10 6 0.7440447907214787
12 6 0.5710037901743472
15 6 0.5653727125212435
6 17 0.5141885651756875
23 6 0.5317828427926647
33 6 0.5054868534173573
44 6 0.5707813284021375
45 6 0.9495146192422073
14 7 0.5014024556359813
15 7 0.8967466924644307
35 7 0.6708107326319084
39 7 0.8498396374643511
45 7 0.6518104700957091
10 8 0.5927094938395778
8 11 0.5018505147265166
8 15 0.5136144740333402
16 8 0.911565882478697
8 19 0.9259912805188883
23 8 0.5031957293730323
25 8 0.5292158933911573
8 27 0.5581836751048843
8 28 0.5163873981561302
8 32 0.5039005266996974
8 36 0.5440751039203702
8 45 0.9619693279308799
45 8 0.6103388041331592
15 9 0.5001477570385418
9 18 0.5901198382769595
9 21 0.6744470294598421
9 22 0.6555749831986664
23 9 0.6518166983791374
9 31 0.9036843795437226
9 34 0.5017550027948321
9 36 0.9970477946667664
9 37 0.9797333095017742
9 43 0.7305950516184858
45 9 0.5737270326068913
9 49 0.6613904524154726
10 11 0.5770479903998025
10 18 0.626696569352912
19 10 0.6338921792726113
10 22 0.5164166484580996
10 23 0.5471239718146472
23 10 0.6153524836632691
10 25 0.7000724299645764
10 35 0.5872342953413654
10 41 0.8291482893994959
10 43 0.522281650790114
44 10 0.5585255655126278
46 10 0.9406814756880011
10 47 0.5053941613342323
15 11 0.5593584817327468
11 27 0.5609392565860567
27 11 0.5259236024390224
11 30 0.5662679407773563
12 13 0.6794756317308221
12 16 0.9883486919105593
17 12 0.500527302763893
23 12 0.7194619749047124
12 25 0.6467816359736502
12 37 0.5640604391958364
12 47 0.5169437344896588
12 48 0.5161748467898919
13 19 0.6658666616729954
23 13 0.6038279279058718
27 13 0.5109704670225022
13 35 0.9211216788735175
13 36 0.5177138888257065
44 13 0.5833530861050393
13 48 0.7918661542095031
23 14 0.5043972800305727
14 29 0.6522506411574454
14 34 0.5109519456272533
14 37 0.5218426477447291
14 38 0.7318910593719021
14 47 0.5589382298859837
47 14 0.5169150861694418
15 16 0.5054503964239732
17 15 0.5505575491460604
15 19 0.625616054595421
15 23 0.5092285822775762
30 15 0.6331428407782855
15 36 0.575068770107928
15 49 0.6973665241939744
17 16 0.5045483571318741
16 20 0.5226405056016195
23 16 0.5013442879651047
17 20 0.584545577314689
17 23 0.5142559158090032
17 30 0.6501304201568043
17 40 0.7472974520331628
17 43 0.5723374063826792
45 17 0.5501735411766537
18 19 0.6430134160173577
18 25 0.5141280383642424
18 30 0.8129898481273752
18 34 0.5038621323688564
18 45 0.5174840645416912
18 47 0.5483589648073046
19 20 0.6327286108537586
23 19 0.7539812206583432
19 28 0.5508529198058194
30 19 0.6355160399774176
19 32 0.8493382551781872
19 33 0.5835456071485123
45 19 0.5341459585992332
46 19 0.6573462418378333
19 48 0.5273092490229545
23 20 0.5627166556203544
23 21 0.6021261170879446
30 21 0.6768961216933231
47 21 0.739250160632521
48 21 0.5485255772385182
46 22 0.5648018418786425
23 24 0.9008435059062192
23 30 0.6132792376112
30 23 0.5148364754402843
23 33 0.5311069513731226
35 23 0.5120853893778399
23 37 0.6494810834690108
23 38 0.5182933461313002
23 43 0.6638543710866925
46 23 0.5313696465312743
23 49 0.5780545648757383
27 24 0.7915255528881591
44 24 0.6642055684637324
39 26 0.7371148444338771
27 36 0.5902102703665844
45 27 0.623684157250234
47 27 0.5186490487748776
45 28 0.6962367438820964
45 29 0.5622072800958677
49 29 0.5918694416397223
30 39 0.8067093748325025
30 41 0.5952191187501779
30 43 0.5301601054063483
30 44 0.676222463554899
30 46 0.5001164086398868
49 30 0.5963602128478163
31 38 0.7687306205923987
46 31 0.5565798895610705
46 32 0.5822533226809885
32 48 0.8559332785560794
48 32 0.6461201587288663
44 35 0.6741450474668831
45 36 0.611835256975582
48 37 0.5213412804860704
39 41 0.6857568379064178
46 39 0.7198824102322754
48 39 0.6221473895988172
45 40 0.5581324099896425
44 41 0.9285854997653635
45 41 0.7923079389204648
43 42 0.790678214571765
46 42 0.9245447550515804
44 43 0.5503559003417056
45 43 0.5763857239861142
44 45 0.6286971593365818
45 46 0.5753874903623363
45 49 0.5783396400692844
46 47 0.5745240180169409
46 49 0.7085515616521327
48 47 0.5776800601032177
