50
5
12.134341676861307 28.34203935442189 12.54479671601177 12.190215222789098 4.4878640238779255 2.902862996835441 9.979998930655848 10.647776621292996 6.59365684985219 2.666516098269822 9.81785020637395 17.287362957990133 11.027841302655172 12.535987950236137 6.101039536951275 6.006476710475418 12.911640440402156 8.191084911233531 1.923613267536235 20.995276363121913 3.611839323702089 18.355959013893113 6.851291053962578 6.439254119921586 5.562784824378218 10.613952590991998 4.396357404491818 12.329202354463987 8.209395368609005 2.8507455559947132 3.1135257499703157 6.130289184357869 8.20323561447139 16.450132078708616 14.022053143776825 10.804414185497354 15.463440166968246 16.695359171757456 11.896883087554547 10.862165409042474 9.137974761612494 4.656631789994849 10.434755383192439 8.917577758376266 11.890553166756606 1.206122448979592 11.250065565324471 10.262411573158738 17.40010041675493 12.693285595491236 
0
38 0 0.746604116869937
1 20 0.7211800745473713
21 1 0.6828298670606323
1 28 0.5988851274410105
1 30 0.9807407439231197
1 32 0.5651182875096605
1 37 0.5204290293282756
1 42 0.5426518798556164
1 48 0.5355811770280474
2 9 0.770311618874447
2 19 0.6108931566529257
2 28 0.7068820414412953
2 32 0.5290405357557146
47 2 0.5318356314779338
22 3 0.5765017665536845
23 4 0.73108661152322
25 4 0.5420667805462875
32 4 0.665193207273526
20 5 0.6547728703111524
5 29 0.6281288499414674
33 5 0.8704224082590315
25 6 0.5054871809276043
7 8 0.6457330311076432
7 17 0.5470082456494352
19 7 0.5836363227890247
7 26 0.5626720370918576
7 31 0.6891776048448133
9 8 0.5789455047168572
19 8 0.5011486356171535
40 8 0.5170860030473541
19 9 0.5215664952523262
9 20 0.6553868717407323
47 9 0.5227259936159598
11 10 0.8892736120666604
19 10 0.6969607444604506
33 10 0.5544149564342469
38 10 0.7266859622552779
11 13 0.5278330946624743
11 27 0.511983945428947
11 30 0.7245332225022356
11 39 0.791612480467482
11 40 0.6451839425263193
12 49 0.5683908306348424
13 16 0.8665081984433887
22 13 0.5065518682827592
25 13 0.619871020400161
42 14 0.553235916964975
48 14 0.8371487783967528
22 15 0.8805048054216897
38 16 0.7512586673161463
33 17 0.5465284231069241
48 17 0.562872187596936
19 21 0.6819704700706817
19 27 0.5412733151933042
19 31 0.5449503653110082
19 32 0.528177264187355
38 19 0.8811952304037458
20 25 0.6313031752342038
26 20 0.9239358907030826
22 24 0.5050580275128775
22 25 0.5962421078389342
22 30 0.6769914655654741
23 29 0.623708389053963
38 23 0.6730386343357377
23 41 0.6902055310700261
39 24 0.7510274334442069
25 29 0.9157352525540743
33 25 0.5673934302993673
25 43 0.5752568177769415
25 48 0.719721412588036
29 40 0.548298747632471
47 29 0.5625216325621905
38 36 0.7966685619537484
37 40 0.7078167304199021
48 37 0.614460508764912
42 38 0.5102816256011582
38 43 0.5348510672666826
40 46 0.5041688357479088
42 41 0.5986089518731477
47 41 0.600268851978814
1
1 0 0.592768665592869
3 0 0.759583195952815
6 0 0.705803279025816
21 0 0.5417847665468205
25 0 0.5409159307594731
0 30 0.6003306827421959
33 0 0.6581471378847318
38 0 0.7171830930152168
48 0 0.566632934152267
49 0 0.6881441308175115
1 2 0.602048205762407
1 3 0.9354130787812556
1 4 0.5509633821236807
1 5 0.7145711309280092
1 6 0.5890275117667345
6 1 0.6290534815860418
1 7 0.8026984028467716
1 8 0.6961870715315971
11 1 0.7592192241049627
1 12 0.6628072717728797
1 13 0.5487607512787802
1 15 0.5071420409923457
1 16 0.5539461957086094
1 19 0.5747677439257788
1 20 0.6669387568440381
1 21 0.5123348304342397
1 22 0.7152304088320396
1 23 0.6959381305183285
1 24 0.6136159081642116
1 25 0.5879429301988505
25 1 0.6639445052202797
1 26 0.6227738305600707
1 27 0.6628774004856393
1 30 0.5287625527514205
1 31 0.5673744769312139
1 32 0.5206990117166683
33 1 0.5491444587117529
1 35 0.5351784593758793
1 36 0.5931358099136191
1 37 0.5807210541007517
1 41 0.589480582035401
1 42 0.5569542064287276
1 43 0.5441785580047098
1 46 0.5564594311380552
48 1 0.5332449513620281
49 1 0.5586390162306918
3 2 0.5313527976060264
6 2 0.7148277753192708
18 2 0.8497489488397738
41 2 0.5789261690838527
48 2 0.8229365418664891
49 2 0.57887013182568
3 4 0.7265171102288921
3 6 0.5782972214510649
3 7 0.7129003279102135
3 8 0.5222444604505752
3 9 0.5693240359921866
3 10 0.78441821807444
3 11 0.5945635700563306
3 13 0.6597320187734068
3 14 0.8282990264996786
3 16 0.7574619635326443
3 17 0.5825755453868
3 18 0.7067001720757125
3 20 0.5902403343797324
3 21 0.5359115644268986
3 22 0.5788782165180498
3 23 0.6682514281715528
3 24 0.8224101759845455
3 25 0.6080464575838723
25 3 0.6778441030382589
3 26 0.5178505035082153
3 28 0.6735020708716801
28 3 0.7852352575161
3 29 0.6359199470529825
3 30 0.6894524157339822
3 32 0.5908778134746819
3 33 0.6003881521616177
3 34 0.7091110377957945
3 35 0.5672229277931277
3 37 0.5121068057670388
3 38 0.6165590788097084
3 40 0.5990226169352169
3 41 0.550728632865112
3 42 0.6383547399854712
3 44 0.5674197570245432
3 45 0.5493015279604108
46 3 0.6609042584768012
3 48 0.5774006308630447
48 3 0.6728772923494778
3 49 0.7380642627530096
49 3 0.5849396922750391
12 4 0.6701981972966282
4 16 0.5042487918721172
4 18 0.5706195587390306
22 4 0.7315338192346275
28 4 0.5021572414555262
33 4 0.7065303687712154
4 40 0.786174532372481
40 4 0.8465391081132918
41 4 0.5270928974047306
44 4 0.7161524935858261
4 45 0.6555188079049636
4 47 0.6345291399167973
4 48 0.518382900027841
48 4 0.7421662366196473
49 4 0.777891200847086
6 5 0.9860669581411059
10 5 0.6032613481399369
5 14 0.6242276856535787
5 16 0.6174538598402468
16 5 0.6477061246961082
5 25 0.9062036609006794
28 5 0.5886303684803067
35 5 0.5609325484346099
37 5 0.6772471300218932
40 5 0.5831381782336555
5 43 0.5606465947705905
48 5 0.7491598480304997
6 7 0.6740879422720865
6 9 0.7025993259633618
10 6 0.53838200222318
6 11 0.7665755704993567
6 12 0.6857885512550774
6 14 0.5375995604545172
6 15 0.5547378609681806
15 6 0.5310668945151977
6 17 0.6073561582007636
6 23 0.59836092240774
6 26 0.5857197572253094
6 27 0.6767946504562852
28 6 0.5456789001515723
6 29 0.5592963202242489
6 30 0.9812753396301239
30 6 0.607825632514303
6 31 0.5140394355507314
6 32 0.6772590427276046
6 33 0.5201320443923949
33 6 0.8628099265728315
6 34 0.6788398695198113
6 36 0.592159560278121
6 37 0.6350159950100231
37 6 0.5518046426187841
6 38 0.5489019928369887
6 39 0.8018304142227481
6 41 0.5484751146554989
41 6 0.5846262669059258
6 44 0.5433486595396573
6 45 0.6338076585705119
48 6 0.517032229801839
49 6 0.6510896207290517
16 7 0.517752617083882
25 7 0.5254880033516134
33 7 0.5225847363813867
43 7 0.646085809173732
44 7 0.6646819517459273
48 7 0.8735264173765893
49 7 0.519542411434369
12 8 0.7288865506414397
22 8 0.5757514802701968
25 8 0.6851456004774973
33 8 0.6650956681716165
37 8 0.5841305051535055
48 8 0.6059381264978371
49 8 0.842530308839694
10 9 0.8666821079110612
11 9 0.632730373529923
12 9 0.593727606818278
16 9 0.6801863283660308
22 9 0.6170086469373486
25 9 0.9082942060052202
27 9 0.625833935316843
33 9 0.6593701523664808
44 9 0.5274494417203193
48 9 0.6136372951647611
49 9 0.6569488840017113
10 15 0.5031216763008624
15 10 0.5543462060110385
10 17 0.517315568273095
21 10 0.6420831202172865
10 23 0.510564046642811
10 27 0.5678899951532881
10 33 0.5377089555942165
10 37 0.5077537820279701
40 10 0.7051364753575646
10 42 0.6420807885978528
43 10 0.5456770324722471
10 46 0.5676841266779247
48 10 0.6055370783631902
49 10 0.5619712991944348
28 11 0.6671751810589184
33 11 0.5851515309388119
11 36 0.546888536429138
37 11 0.622055588214478
40 11 0.5172424924513799
41 11 0.5515369472637586
46 11 0.720397732572639
48 11 0.5838792231388141
49 11 0.6256730969519847
12 13 0.7163215381219532
13 12 0.6494047602164637
12 22 0.5174274428279568
12 23 0.5817813890567423
12 25 0.5562895635768461
25 12 0.6164601909609101
12 27 0.5793330419312406
28 12 0.7782452137108462
12 33 0.7846545054975935
37 12 0.5513778737028876
12 45 0.6082611260684385
12 47 0.7296279817575949
12 48 0.572511910647661
48 12 0.654550271597113
49 12 0.579721166590166
18 13 0.5087096957603123
25 13 0.6312526318139737
13 29 0.5012437223851289
13 44 0.7468735680747598
48 13 0.5659968243983519
15 14 0.7185836354270386
28 14 0.7220082596126927
33 14 0.5218336653844395
40 14 0.8099909122941393
41 14 0.5148166404103607
44 14 0.6444918373423499
46 14 0.5446721725634174
48 14 0.5177054516690551
49 14 0.927374667659336
16 15 0.5294212408840766
15 20 0.5421885555440615
22 15 0.5681439353255593
15 26 0.5769760161143342
28 15 0.543119957531699
15 31 0.8021013530668166
15 35 0.5293470294630407
15 36 0.6444225783922308
15 37 0.6716088643222684
37 15 0.612154667730193
15 42 0.7721033364342558
15 44 0.5563602958894711
44 15 0.6704398595334922
15 47 0.830829414964952
15 48 0.7589973320321317
48 15 0.5803967935972527
49 15 0.9570343216014483
16 17 0.5140533496614699
16 18 0.5197345767417616
21 16 0.7384584108580228
16 23 0.853285005361458
25 16 0.6672122397111118
16 26 0.561951616507641
33 16 0.8173821051888941
16 36 0.5945458824371577
16 39 0.5909581233281018
16 41 0.5543256960821559
16 43 0.5982789713390619
46 16 0.5802935634297607
48 16 0.5968722418741788
49 16 0.6281610378755322
17 18 0.9999761347864262
20 17 0.6601245317039244
17 25 0.6657435207310223
25 17 0.5069813630264581
28 17 0.5681437768658179
33 17 0.9301620610098442
48 17 0.6202729906897966
49 17 0.7062001222391177
22 18 0.5127557791598015
30 18 0.6999283790500332
46 18 0.6518085255040491
48 18 0.6733734768037012
49 18 0.6763744140072274
28 19 0.6077591018461921
33 19 0.594545101471176
48 19 0.5763071358965463
49 19 0.6571958426902558
20 24 0.9456225495353896
20 26 0.6289708218225467
33 20 0.6632386713692116
48 20 0.5213833827430479
49 20 0.6815545197402948
22 21 0.8897961925318965
21 27 0.5667680111143203
21 28 0.5902944167933706
28 21 0.584711784234085
38 21 0.6795469765560649
21 46 0.5192843211960751
48 21 0.6128820349888916
49 21 0.5251385345194426
22 23 0.7578274777300114
33 22 0.5051137555241951
22 34 0.5022254680006342
35 22 0.5708653765213383
22 36 0.8167561278090572
43 22 0.71218804262337
49 22 0.7205122386148682
49 23 0.6560742333629725
28 24 0.7086084129245687
33 24 0.572261922210306
38 24 0.6023031496932807
24 43 0.533273359371438
46 24 0.8524634664273558
48 24 0.5642115079384524
49 24 0.625484033427058
25 28 0.7828543888764048
25 29 0.5590241225811073
25 31 0.6052849991983653
33 25 0.6311770030098404
25 34 0.5517550450131782
25 36 0.5153436728604939
25 39 0.6391245340252085
25 42 0.7316290365128717
25 46 0.5813747420669639
47 25 0.7496279753118056
48 25 0.5018986314194964
25 49 0.7135989485251406
49 25 0.6346879935140115
26 35 0.5596120849059918
37 26 0.715220159574427
48 26 0.6650233699699355
49 26 0.7700430264540961
27 48 0.5193926234326576
48 27 0.5368314012362875
49 27 0.5510365318812209
28 29 0.7143537471436674
33 28 0.5248779907489283
28 38 0.5458315626901489
28 39 0.6667198704520856
28 40 0.6923392196084301
28 42 0.56931698036109
28 44 0.549357170637039
44 28 0.5104539817644631
28 46 0.5439414371425835
28 47 0.5317242325806577
48 28 0.5619844250098914
33 29 0.7318017791062409
35 29 0.6064734681713977
37 29 0.5469807525962145
48 29 0.5372378175685729
33 30 0.6189548224647777
40 30 0.5609401437757013
30 44 0.5495734295347845
49 30 0.6539622664609968
33 31 0.7326806876050862
38 31 0.6136802292758359
44 31 0.5057754773234111
46 31 0.7708792139047018
48 31 0.512952545187888
33 32 0.6220556557726463
37 32 0.6467593023151388
38 32 0.8434222381676248
40 32 0.5345067356926338
47 32 0.8517592962090104
48 32 0.5649276918563781
33 34 0.5717135811022245
35 33 0.6953785950479789
33 36 0.702217085710928
33 37 0.6873779353339842
37 33 0.5442926757515654
33 38 0.7558430212034216
33 40 0.6066174784562253
40 33 0.5624121483998005
33 41 0.5925069147116662
33 42 0.6348232280073978
33 43 0.5633542632363123
44 33 0.9064395206240778
33 45 0.5749745837189628
33 46 0.5232296755766181
46 33 0.5326090642777006
33 47 0.6639693719015479
33 48 0.5115274113114219
48 33 0.574609852569643
49 33 0.6270105673726536
37 34 0.5479384910742267
41 34 0.5101474924652867
38 35 0.5470791711913636
40 35 0.9053361956977927
43 35 0.5671325487637586
35 48 0.7381715115797838
48 35 0.5902321370802315
35 49 0.8595979880322369
49 35 0.6074145682435397
43 36 0.6781171850669498
48 36 0.5644117210947742
49 36 0.5400992218167143
37 44 0.5796653710776479
48 37 0.8104726638921989
37 49 0.76702627270992
41 38 0.6965221835576958
44 38 0.6742942933181367
38 47 0.5375377070328207
48 38 0.6495233253942123
49 38 0.629041776854022
46 39 0.643841313430497
48 39 0.6230113880440801
49 39 0.7518856324774488
40 43 0.504886917779249
40 44 0.7515423198163048
40 45 0.6616927205810277
40 46 0.7275335711822375
40 48 0.6273878348589743
48 40 0.5511935168933465
41 47 0.6143787907112999
41 48 0.6667302727043418
49 41 0.6516829047597756
44 42 0.6805323064415654
48 42 0.6758989573071696
49 42 0.645336698682817
44 43 0.5333170004273191
48 43 0.5271724418858987
49 43 0.5811355707600385
44 45 0.596067537740915
46 44 0.5084032413827948
44 47 0.5988997070328226
44 48 0.7387335659121923
44 49 0.6974302165149464
49 44 0.5960016594682562
46 45 0.6980383573968678
47 45 0.6832384851881195
48 45 0.669922621614642
49 45 0.6093654110656405
46 47 0.6417456733091049
46 48 0.6605539866373922
48 46 0.5435569866191953
46 49 0.5694816470351511
49 46 0.6249094082439094
48 47 0.6390060502549155
49 47 0.5625920921254436
48 49 0.8545203134654927
49 48 0.5881590092992199
2
0 1 0.5724292206718804
0 2 0.5318304098485107
0 4 0.9102900314911058
0 5 0.686299052948731
7 0 0.6553623415042953
0 8 0.5461827963728811
0 10 0.5016365131865195
0 11 0.6492107320197191
0 19 0.7065622340107187
19 0 0.7095035062273072
0 20 0.7610118573050573
21 0 0.6116208984259305
0 23 0.5343226499788829
24 0 0.5401933172712625
25 0 0.5310278241565993
0 27 0.6591322680389344
27 0 0.6018443041883743
0 28 0.565550916687873
0 30 0.5343526031589438
0 31 0.5712057461141159
31 0 0.6238488684433274
0 32 0.7768364528420453
0 33 0.68919931667674
0 34 0.5755925590931623
34 0 0.6738572345650833
0 36 0.585334445620185
36 0 0.7547356726252752
39 0 0.9216177510416643
0 40 0.5787240497688805
42 0 0.5320306994205095
43 0 0.790482339628527
0 47 0.7900448125091
0 48 0.6051498413368823
0 49 0.5448663304707302
1 2 0.5284024314476241
2 1 0.745517231915368
6 1 0.5967825432320089
7 1 0.5461765969723398
1 8 0.5998951803686924
1 11 0.5347679242171257
1 16 0.7297053761657881
16 1 0.5798317259367518
19 1 0.7142804260743283
1 20 0.7941457065997037
1 21 0.59998736033263
24 1 0.6792968543218971
27 1 0.590876697495913
1 31 0.5181040599726969
32 1 0.5200656450610699
1 33 0.5408579756424896
33 1 0.7023839661118316
1 35 0.520111938032201
1 45 0.6124915399721955
1 46 0.6409031239731404
1 47 0.5497135167761942
47 1 0.5066665759930886
1 49 0.8026437386531542
2 4 0.5653947229452747
2 5 0.6598728074463477
7 2 0.6168960521908804
2 9 0.68533523090419
2 10 0.5095880155900845
2 12 0.5258259753283188
2 14 0.5301647027218264
2 17 0.7891999735361563
2 18 0.5325751161536033
2 19 0.5767387839970091
19 2 0.569099377721183
2 20 0.5457511229705112
2 23 0.7074631279806034
2 24 0.5197171944685834
2 28 0.6339164703149308
2 30 0.5799336689385741
31 2 0.5036019962498821
2 34 0.7021339938385619
34 2 0.6594964164750468
36 2 0.5126764964692376
2 41 0.5782076357057422
2 43 0.5757489863917575
2 44 0.5009569061635382
2 49 0.5566044057095687
3 11 0.9171609257123272
12 3 0.5060225697201679
24 3 0.5293527024997196
27 3 0.7780939612482694
3 31 0.506664734462942
3 32 0.619442216211205
33 3 0.5528654041820158
34 3 0.641425820972824
36 3 0.9180386526470656
42 3 0.6611025931739429
4 7 0.5538113590838762
7 4 0.5868821280829077
4 12 0.6575572874204362
12 4 0.7394625838669602
4 18 0.6290544474731861
19 4 0.5551632333097548
4 20 0.5221171370275322
25 4 0.6668377217020944
27 4 0.6292714750284926
4 29 0.7259031147932951
4 30 0.7703130181135251
4 31 0.6259564868842535
31 4 0.5293101644254863
34 4 0.6870498393968145
36 4 0.6173436475865997
4 37 0.5427625936470324
6 5 0.5485999780652157
7 5 0.640370582479618
11 5 0.5289854995086236
24 5 0.5675877203067234
25 5 0.6004517610758413
27 5 0.7144886548825402
34 5 0.6958187401500643
6 10 0.5923883460452539
11 6 0.8253502515328719
6 13 0.5787518516584629
6 20 0.5351975812956717
6 22 0.8255666607510166
22 6 0.5570807046682156
6 27 0.5935149370492832
34 6 0.5708148174882104
36 6 0.6034363691945202
6 41 0.6372239634843624
7 8 0.5153082278087027
7 9 0.5871990360397377
7 10 0.624340783981103
7 11 0.6042564818701318
7 13 0.6902759866249066
7 14 0.7547169606513084
7 15 0.6059320170572406
7 17 0.57349812496989
7 18 0.511662608423588
7 21 0.7257999886819342
21 7 0.707883479427694
22 7 0.5063908726098936
7 23 0.7815503558178807
7 24 0.5415964367680508
24 7 0.5555095183767513
7 25 0.7517765376282017
7 26 0.570274353592261
27 7 0.5475658661493099
7 29 0.5036854874211629
7 30 0.5871525826839036
7 31 0.5818113767029081
7 33 0.6241814213558685
33 7 0.6105301158714221
34 7 0.798101132061861
36 7 0.5430693715005519
7 38 0.5052018561812437
39 7 0.5009741344181178
7 40 0.5530966845494225
7 43 0.6374479460316254
7 44 0.6062635529802121
7 46 0.5179301507322036
46 7 0.5210122877645691
7 49 0.6862191043312101
8 14 0.5081616720009507
8 23 0.5539226178186627
24 8 0.6228804445447469
8 25 0.6207502158859242
27 8 0.5011369741414531
8 33 0.584004533922901
33 8 0.7379988572243246
34 8 0.5085133772281918
36 8 0.5326816837857644
17 9 0.5325721832494827
9 18 0.8582788833844015
9 20 0.5258984349962434
21 9 0.5254021870533596
22 9 0.6510797020882095
24 9 0.5684949730045767
9 26 0.7910729624710104
9 30 0.5559120981860988
33 9 0.5694863257336744
9 37 0.6339137581430869
9 40 0.525171820641338
43 9 0.6324123487232596
9 45 0.5829561713303799
9 47 0.514331873939941
11 10 0.6887766634961068
12 10 0.645774244840774
22 10 0.5628253255022226
10 25 0.5124981527254222
25 10 0.6185376082470282
27 10 0.5816509848098627
33 10 0.6058800847965737
34 10 0.688443366544506
36 10 0.6394141290560372
11 13 0.6836082023411278
19 11 0.5147742969579192
11 20 0.5148446546051748
11 24 0.7293796480649435
25 11 0.6637773568156442
11 27 0.5242260861816244
27 11 0.7294491723218156
11 28 0.5527037102292416
31 11 0.5167272426875816
11 32 0.5066134313320143
11 34 0.6287068885628586
34 11 0.5003937587857024
11 35 0.5585326325121593
11 36 0.6552073500817142
36 11 0.6899305420251539
11 40 0.5664271522460034
11 42 0.5590918556684517
11 44 0.7585915129261402
11 46 0.5107249845722261
48 11 0.6499601449776315
19 12 0.5632320173596714
21 12 0.5095616637089964
27 12 0.7432700787061318
33 12 0.513352407089191
34 12 0.5624487390901973
35 12 0.593435441280693
36 12 0.5232837564851756
16 13 0.9240225825866177
19 13 0.853202540411379
21 13 0.5618772616957362
27 13 0.7484480244832135
34 13 0.5570027363122446
36 13 0.5905848998006675
14 21 0.9219153087199492
24 14 0.629410154336175
27 14 0.5289296176465572
33 14 0.8265004833765216
36 14 0.6030043022936962
46 14 0.5974386992070833
19 15 0.6038377710223248
22 15 0.9954133300531569
24 15 0.7833767844730609
27 15 0.5024876645815957
31 15 0.5340111179387483
32 15 0.5074290407159958
33 15 0.5157525194239547
36 15 0.7420995190182308
42 15 0.5250740259810853
46 15 0.6496736789026951
16 17 0.9014732741529923
19 16 0.846495402235365
16 20 0.5541404086978106
21 16 0.6826719931563103
16 30 0.5045648994972272
36 16 0.5449691027669689
16 40 0.5461062701940589
16 43 0.5498439622111642
16 45 0.5234307177840878
16 46 0.5704583903107339
19 17 0.6943841750114399
17 20 0.508012709017281
21 17 0.5567565642851386
24 17 0.6526701638135783
27 17 0.5847737074590291
17 31 0.8572603979157303
17 34 0.5003714695281873
34 17 0.5404072046622097
36 17 0.6366076143163677
17 42 0.5946370161408232
19 18 0.5648209722590505
21 18 0.6713841012284658
27 18 0.7883477409266095
33 18 0.5584303940574826
36 18 0.6196726086171005
19 20 0.7380492807445579
19 21 0.5927302402149683
19 24 0.539962631974207
24 19 0.5690492759147341
19 25 0.6861905501075127
25 19 0.5379706176108712
19 26 0.8003321286217985
19 27 0.9319479103133319
27 19 0.6767049647040673
19 28 0.524557439145352
19 29 0.5734980665073879
19 30 0.7728502828601751
19 31 0.5607121443771501
31 19 0.6949759696447839
19 32 0.679457396164461
33 19 0.5588008498179402
19 34 0.7521968081724737
34 19 0.5117569157932387
19 35 0.5532486531486763
35 19 0.5928933402626935
19 36 0.821934847101724
36 19 0.5063424764449913
19 37 0.7688327115798339
19 38 0.6623831405179273
39 19 0.5272680682263122
19 41 0.6804827573024461
19 42 0.5564222028290811
19 43 0.5390433968933446
19 45 0.611800546601041
19 46 0.6315894074696903
19 47 0.7241502498697674
19 48 0.6813000443337093
19 49 0.7588817293461871
21 20 0.6991277802994036
24 20 0.5077909927342932
27 20 0.5342448275801077
33 20 0.7250061416422378
36 20 0.570967000144124
21 23 0.6617611405370911
27 21 0.6220959372209577
21 30 0.509961025028288
31 21 0.5960517931965654
21 32 0.6765947921371508
21 33 0.5593985266457904
33 21 0.5537721892509198
36 21 0.5008162502314266
21 38 0.8634955547474981
21 40 0.6411150965451737
21 41 0.5213064762276567
21 42 0.6506174267747464
21 43 0.5331145633629801
46 21 0.5747508679661728
22 24 0.7299010268874628
22 26 0.5751229477106594
22 28 0.627765053357066
33 22 0.5819609347249595
22 41 0.7028381524723204
22 46 0.6251674501791082
22 47 0.794952742085125
28 23 0.6010893075515957
31 23 0.7102310549367981
33 23 0.7580181587100552
36 23 0.7218824599055802
24 26 0.5947053285633943
27 24 0.7876910884601716
24 28 0.7067332384125116
24 31 0.6070403496162213
31 24 0.8838901060171871
24 33 0.6604025960711699
34 24 0.7064565020463451
24 35 0.8855828745819068
36 24 0.5962186446032396
24 37 0.6097342569356115
24 38 0.660457427419635
24 43 0.5100628634674067
24 44 0.6960491670970089
24 46 0.5424971667954948
24 47 0.5685340246708026
24 49 0.81408418659735
27 25 0.5496811863924915
25 28 0.622085917603338
31 25 0.7426491876139039
33 25 0.5818423344121395
36 25 0.6603551284907603
39 25 0.6119878207884653
25 41 0.9279451178873825
43 25 0.6070348620593655
25 46 0.6307104482300616
27 26 0.6519832440502962
32 26 0.5559038877010829
33 26 0.6598607861394556
35 26 0.6531073713383586
36 26 0.5798791087346719
27 30 0.7552041797077004
31 27 0.5201704229570498
33 27 0.5175765012882421
27 34 0.6662271443284689
34 27 0.5069914301400655
27 35 0.6660028035110077
35 27 0.579104039333562
36 27 0.6799075179507219
27 37 0.5952774508069676
27 38 0.6946622151881048
27 39 0.7427832505889327
27 40 0.8340351943851451
27 41 0.5034557509760667
27 42 0.6541357738340863
43 27 0.6020525043625515
27 44 0.5262331516765317
27 45 0.5125911409095183
27 46 0.858411146153597
27 47 0.6037623484707476
27 48 0.5696019558221799
27 49 0.6243816436826741
32 28 0.6723711349184165
33 28 0.5171268305746495
34 28 0.6480738722641841
36 28 0.5526932600914556
28 39 0.8233378104765452
41 28 0.9988607833386436
28 45 0.5899299015609438
46 28 0.540311671705147
31 29 0.5107139056139973
43 29 0.6620846195503121
36 30 0.6646442530703544
33 31 0.6271351372435987
31 34 0.7843521510651774
36 31 0.6522027631182248
39 31 0.5337748071937294
31 40 0.5617030904321938
31 46 0.6597076400652269
48 31 0.5389754482345912
31 49 0.7939503351317676
33 32 0.918419670194801
34 32 0.5167728622775738
36 32 0.5180373540353516
32 40 0.784096319074649
32 42 0.5586311411281786
43 32 0.8898918343267658
34 33 0.5676787551419566
33 36 0.8078317010086227
33 37 0.6553478148398688
33 38 0.5482526505928946
39 33 0.7053510329995594
33 40 0.9542422418605643
33 41 0.5432043922168794
33 45 0.5791197177315354
33 46 0.5584122803807335
33 47 0.5390890309727348
47 33 0.6172311450365477
33 49 0.608498382255654
34 35 0.6843073257392406
34 36 0.5886686403767056
36 34 0.5886741778260856
34 37 0.7814002611375044
34 38 0.5848449382444514
34 40 0.6255292429559425
34 41 0.7228501543665831
34 42 0.5147621862541283
35 38 0.5979758022043755
47 35 0.8062812183244386
35 48 0.5477153752412711
36 37 0.5485200998648021
36 38 0.6735593846501
36 39 0.5354326901529793
36 40 0.7597789539559079
36 41 0.7094295824571705
36 42 0.8068837719123112
36 43 0.6741699855094112
36 44 0.5274766861967056
36 46 0.5782382607071606
36 48 0.6735334457618057
36 49 0.7937644957419331
39 37 0.7520122060060517
41 37 0.6584969098524662
43 38 0.738501948773677
39 41 0.831526276868175
41 39 0.5042597249530612
39 42 0.6593183248874652
39 43 0.5041482423062336
43 39 0.5468997957043763
39 45 0.6170860709890145
39 49 0.6286763103565121
47 41 0.5520818930757012
43 47 0.5245084497184377
43 49 0.644366530329513
47 44 0.7728349670631942
46 48 0.5115058745578303
3
0 5 0.8210551433536201
11 0 0.6303916532468088
0 13 0.5463333957296224
13 0 0.7232309658776972
0 18 0.5116727609997249
0 21 0.5198123867373046
0 22 0.8572811774481405
0 24 0.532306939667978
0 25 0.6048820931468737
0 29 0.573692258177428
0 32 0.5511861727022314
0 33 0.6137323429477954
0 35 0.7324936553956258
0 43 0.6329261207110211
0 47 0.597112108425766
0 48 0.6239981438046527
48 0 0.5400031120254867
8 1 0.619848493302725
13 1 0.5782381589517219
17 1 0.5771042745204318
37 1 0.7475359356587759
47 1 0.871199090183963
48 1 0.5653869285996209
2 8 0.6665513783472701
13 2 0.9224194737841442
16 2 0.5350704425654371
23 2 0.7871992460512292
2 31 0.5474135403371765
2 37 0.5986355648940251
43 2 0.8852855189857394
8 3 0.5161975389465088
14 3 0.6017848907444001
23 3 0.5225518322841158
35 3 0.6448870775047586
4 6 0.740906325856137
7 4 0.7533002716482522
4 9 0.6354833104067812
11 4 0.5237592428214781
13 4 0.584859489047389
26 4 0.5669934998546728
4 33 0.5642599748704107
40 4 0.6395661618505983
43 4 0.5213070891495268
48 4 0.5168615825160505
11 5 0.5782149291175376
21 5 0.5789893291078825
30 5 0.5265814300361851
48 5 0.5290690115767254
13 6 0.5166709423631979
16 6 0.5092122957655756
17 6 0.6006835988659347
11 7 0.5271989875455498
7 15 0.5098925887589127
17 7 0.5075770759169884
7 23 0.842480822564081
7 24 0.5393723940745965
7 32 0.5504299309855205
7 34 0.5843536395740188
37 7 0.5946243656007248
7 39 0.5615939958322185
7 40 0.5150395369844449
7 46 0.5618835301587009
11 8 0.531284716206553
13 8 0.5347931032646602
16 8 0.6222339764047664
8 17 0.5807704088336438
8 24 0.5563121101908817
8 35 0.6487694013235952
8 37 0.5062166105456674
40 8 0.515055096123124
8 42 0.6968470703348331
8 43 0.6090818373205049
17 9 0.61945290233519
23 9 0.6242849571927596
37 9 0.6032114953813641
38 9 0.520607142197637
48 9 0.5239895506515853
11 10 0.5272877828878899
13 10 0.6103360145182146
30 10 0.8291403442426319
10 35 0.8324749286096904
35 10 0.5587687562898895
11 13 0.5413680949498165
13 11 0.6431695976421932
11 14 0.6362217981196104
16 11 0.733317348757992
11 17 0.559887736523865
11 18 0.6836959468018259
11 26 0.7345964567100733
11 27 0.6544277187490026
11 30 0.9880143010285423
11 31 0.8175718169987054
11 35 0.7808177186631222
11 36 0.5083697541881231
37 11 0.5668069934458106
11 38 0.6564782482929934
11 40 0.8126909542060159
11 43 0.5605489534973833
43 11 0.5307389860331441
11 44 0.5457471272868744
11 48 0.5051875034157449
13 12 0.5340249052215149
21 12 0.6069255577648935
23 12 0.5534316044603784
13 15 0.6727922413525362
16 13 0.6640918190352563
13 17 0.5099292831958488
17 13 0.756106827555971
13 18 0.5178229264000695
13 20 0.7065635344619863
13 23 0.5250417534949463
23 13 0.9023452524012492
13 24 0.6476085120709285
13 26 0.6547461609046135
26 13 0.5200543779979365
13 27 0.5324516115759452
13 28 0.69102787819686
13 29 0.5299650231792845
13 32 0.7693634802653395
13 33 0.9761122973963732
13 34 0.6893723039367856
34 13 0.5451785429674381
35 13 0.5847412273225914
13 36 0.5289870800253273
13 39 0.522775786747794
13 40 0.8002130999346695
40 13 0.7023539587290775
13 41 0.5801304915261449
13 46 0.7788920715713252
13 47 0.7140102239936951
48 13 0.5957561077271374
43 14 0.513705754029784
48 14 0.5640649051437501
16 15 0.7029413047136877
21 15 0.5655781475016014
16 18 0.5292527784651777
16 21 0.6159935470904416
16 22 0.6353622745298375
16 23 0.5686004506579303
16 37 0.6167909146854063
37 16 0.5850358258507026
16 40 0.6022139435167426
16 43 0.5610638587055666
16 44 0.5387019131950095
16 47 0.738219999317234
17 18 0.5542109040440177
17 21 0.6016775250935371
21 17 0.6063802458359602
17 24 0.7118654640963971
17 28 0.503796626742075
17 29 0.6151673435065972
17 30 0.7466364955899294
17 34 0.7885049790015484
17 35 0.5081695302694493
17 36 0.5464623004433921
17 38 0.5977790592944203
17 39 0.7719033346872677
17 42 0.556166058694392
17 47 0.5513862677959969
17 49 0.5362918087180921
39 18 0.7057551345178934
18 43 0.604958478436936
48 18 0.5977931352268098
23 19 0.5031554483853129
26 19 0.6580991082113982
48 19 0.5919697279058387
20 24 0.5233265501565787
32 20 0.5532263592021072
20 40 0.6706002058640053
21 33 0.5695020175322416
34 22 0.5812632927639989
37 22 0.5298254513487345
48 22 0.6364298278390552
23 26 0.6409017553838354
23 32 0.5419774974485823
23 48 0.5109009189219305
26 34 0.5738784269839552
26 35 0.6380903817864153
26 38 0.6639808029730732
43 26 0.8174557587404201
40 27 0.5355808661856634
34 28 0.6905657703921662
37 28 0.5443708525128419
38 28 0.6986440139345516
40 29 0.658471798285144
43 29 0.5514448225081885
48 29 0.8849464602921546
37 30 0.5810748544228552
30 39 0.709383223458528
37 31 0.5575244962283229
40 31 0.7336093083314217
48 31 0.5295169471622398
33 35 0.7701686069340117
43 33 0.7324518603365466
34 41 0.8872077449697959
35 36 0.5353847840601695
35 37 0.773325031526231
43 36 0.6598930983617065
37 39 0.6178269448382061
37 44 0.5690883584168116
37 46 0.5494676962306948
48 37 0.5463612029901987
40 38 0.6853142919559514
43 38 0.6326268294684263
38 48 0.5416845137082285
39 43 0.557602025407764
39 48 0.5081683054122876
40 43 0.774557769538579
40 47 0.5697987796860016
48 40 0.7020301174768084
48 41 0.767408177781923
48 42 0.5644118183294069
43 48 0.5007118698820903
43 49 0.5390744822289983
48 45 0.6376973777008805
48 46 0.5493958023043164
4
1 0 0.5963751267196014
3 0 0.8029144925746172
6 0 0.5661167732449588
14 0 0.6352331254246348
0 15 0.7163627553614835
32 0 0.5047119286387229
0 37 0.7549293635033616
39 0 0.5535623302174322
0 43 0.549133114858843
44 0 0.8367664533863037
0 45 0.5535131275723735
1 2 0.5816591382540728
1 10 0.5998765084937581
1 11 0.5405445411295637
1 12 0.6157141932365932
14 1 0.8753330760059854
1 17 0.7956654612378422
1 18 0.6272024481704257
21 1 0.5147467791428277
1 27 0.6727176578187599
1 29 0.5528326399898145
1 31 0.6574467233985006
1 34 0.7502635909621116
1 40 0.6040125118518466
1 41 0.691898143672933
1 44 0.5280083852753341
46 1 0.6092931635515084
1 49 0.5676143866104055
49 1 0.5349193237541214
12 2 0.7135300164462455
14 2 0.5011536168940383
19 2 0.5381856018672377
39 2 0.5412294447506651
40 2 0.8309824922536604
47 2 0.5691008024379922
3 7 0.5575232518145217
3 8 0.5709509572110751
12 3 0.5559587239540549
3 32 0.991446842039253
36 3 0.5887617034895927
3 37 0.5419051832800783
3 38 0.503041500191657
3 42 0.7438772349639202
3 47 0.5204841693322722
10 4 0.5636848938771484
29 5 0.8555374160006093
33 5 0.6168472895652806
44 5 0.5215020320981025
46 5 0.7030832764577138
6 9 0.5692657574528681
12 6 0.5041966423084179
6 15 0.6302092903313947
6 18 0.6840517959979984
6 19 0.5396737923866515
6 20 0.6590408740447269
6 23 0.5085714518221747
6 34 0.5148958242669619
6 39 0.5143990773744991
6 40 0.545928892990557
6 48 0.5777790921429304
21 7 0.5332549300861367
7 29 0.9049625291790997
34 7 0.581595832755656
7 41 0.5488540505615345
8 9 0.740330553187595
8 13 0.5078697210368432
32 8 0.8181187287039646
44 8 0.6815893863769154
10 9 0.5883414913020673
21 9 0.5620306939943474
35 9 0.5706819050700536
36 9 0.5677827804392321
10 12 0.7151237021436732
12 10 0.5927223758897819
10 14 0.6001458478855692
10 19 0.5077513262163873
10 25 0.5914569983267342
27 10 0.505193796430472
10 28 0.6509532380499847
10 33 0.5450979949096348
10 35 0.7105306253197932
10 42 0.5934125247923252
44 10 0.8865878419355337
49 10 0.687493550009683
32 11 0.7146510613093362
35 11 0.805037778835036
36 11 0.6459427472444248
11 37 0.9301486792603146
12 17 0.5789956158954375
12 19 0.5318219661589383
12 27 0.6065976205248895
12 30 0.7468299122216013
12 33 0.6228342431899934
34 12 0.782882212106603
12 37 0.7129784891832116
12 39 0.549730278725394
12 48 0.504632723343645
32 13 0.572827008581603
34 13 0.5219982177584996
35 13 0.8521940764041167
39 13 0.9383427546862435
14 15 0.6671238527804597
14 26 0.5529978781165448
27 14 0.5996127325767489
14 28 0.8221084901697286
14 31 0.586092192347369
14 33 0.5502427305859641
14 40 0.5312483263236014
15 21 0.5174432414722867
21 15 0.568033770357615
23 15 0.5605225640465532
15 27 0.5402931550237635
34 15 0.5134638806726806
15 40 0.5510187887758184
44 15 0.5282035143523967
15 47 0.5308331744362367
49 15 0.5236418728768135
27 16 0.7626541592796094
16 47 0.6831359353879711
17 26 0.5458124153764838
27 17 0.7141958746846622
34 17 0.6927868306809546
46 17 0.661646020163438
17 47 0.5434833261160255
35 18 0.5329869310448614
39 19 0.5682812023747807
44 19 0.8053308354602935
19 49 0.7526018292688865
21 20 0.5992108637911211
32 20 0.6439536023316339
21 41 0.5051765268490154
41 21 0.5799219865112011
44 21 0.9372051413143974
21 47 0.7909507611040798
32 22 0.5081245102340115
34 23 0.592420915719768
46 23 0.6540152257355449
47 23 0.5212928683865334
23 49 0.6145771265328508
29 25 0.6384639349357428
34 25 0.5422058957941538
49 25 0.7145657100504672
34 26 0.5064556278984158
27 28 0.7285343861851541
27 30 0.5688431988681444
34 27 0.591804058062376
36 27 0.6933627707956427
27 37 0.741111989103874
27 39 0.5509958252143272
28 29 0.7957557250718383
28 34 0.658693786453932
40 28 0.9428294984858958
46 28 0.5380952001404544
46 29 0.8405959282092565
47 29 0.5178786569798944
29 48 0.6235877464541473
29 49 0.6563952702239588
36 30 0.5127732953378381
43 30 0.5583707751090083
44 30 0.7033413474720561
32 31 0.6739985180706458
36 31 0.7557071314221162
39 31 0.6837098931767529
32 33 0.5253255521979898
34 32 0.6139953650637171
35 32 0.5672698956980526
36 32 0.5614768976589848
32 38 0.9162607557846787
32 46 0.6213911871143225
46 32 0.572195767632576
32 48 0.6432209491691818
33 34 0.6024433403604166
37 33 0.5064875394183428
49 33 0.5639821292106537
34 35 0.6139875387472624
34 37 0.5113127989328197
34 40 0.6882069920748616
34 47 0.748496399254841
47 34 0.5198563741124336
35 38 0.5802767435201661
35 39 0.8842351640507826
39 35 0.5265221145615402
36 38 0.5560899239031396
39 36 0.8912709115489663
36 41 0.7383228517152762
36 44 0.513063344460214
44 36 0.6612251909787807
40 37 0.5171924790989633
39 38 0.5495341069027146
44 38 0.5158206178030584
46 38 0.5602558532998274
44 39 0.7847688045580834
39 45 0.5694234150709321
46 39 0.8508474436048377
40 43 0.5556430466684639
49 40 0.5191424291847178
41 48 0.6630976305056457
44 42 0.5104577507198218
47 43 0.5499380465315935
44 49 0.6257142318396779
46 45 0.6056278533642041
46 49 0.5822984683458265
