50
5
14.033715595646607 8.010258984557343 9.962024474727082 4.015444820089138 11.149707642839036 6.2791531915440695 14.031333652928732 14.388831286563619 15.369167482263839 16.99480225743593 3.035121873570397 6.837741483103898 13.279706318921928 6.5622630791175425 15.337345073257927 8.411906865392337 20.499363799771874 4.1603836539773225 9.35479973057652 8.215304499979023 8.04021225909845 3.477708530883998 8.04810478549768 12.733702468395112 5.546369713626747 11.261642945585487 6.337436599496619 6.318187788043648 10.245391649920483 9.54739614760925 15.729540059876047 2.9071433806422644 5.744804260835254 21.825824515714324 11.394409729710478 7.299677532479274 5.693553681916459 20.805568900214602 10.19331533054793 3.284776856532111 6.243199417524025 4.757792508175172 20.697893617338735 10.988723743343769 16.702927579307364 16.816667925284783 6.983504912137323 2.589809824341947 6.471187119462631 11.385150450193859 
0
23 0 0.5187592775068293
1 9 0.7015055858641221
23 1 0.5843128997020179
37 1 0.8912587877173808
2 21 0.5212737656515707
2 29 0.5090911947854586
22 4 0.6411812679886579
33 4 0.5890662370525154
18 5 0.5934101305723702
19 5 0.6030173587964001
30 5 0.5407995804696661
30 6 0.5674888328308829
9 7 0.7398366239190153
42 7 0.6079723809538726
8 15 0.5587999300288948
18 8 0.6199938017649336
8 32 0.6770762042763201
8 38 0.5387932898094843
9 33 0.641881193173806
33 9 0.5302496183515994
18 11 0.5052489109570792
37 11 0.9640908493753655
12 15 0.5422407504044648
12 27 0.5765705438454629
18 13 0.9776827182020822
33 14 0.5048162322200913
30 15 0.8408489912934287
36 15 0.703559077635193
19 17 0.5587403419435086
22 17 0.7846485108486685
23 18 0.5978106912828796
18 27 0.738088000969986
18 35 0.8835036637698193
19 31 0.8993496993514476
22 38 0.5539966119160431
22 40 0.5304879466795323
23 27 0.7381113230726664
23 36 0.7697562897782035
37 23 0.5253361565729364
23 38 0.5709795752001094
23 44 0.5959798942014556
33 24 0.5027617903585235
31 25 0.6319296180349934
33 25 0.6507620441583504
42 29 0.5183731087212495
30 35 0.816122226436238
37 30 0.5913201071014769
30 47 0.5218355802590455
49 30 0.5622720724891854
31 47 0.5034556713311786
32 48 0.7025953536650438
33 35 0.5843540790948278
33 49 0.6413574541175644
49 34 0.6280333106258447
37 36 0.7374884379702007
37 39 0.5130089535080724
37 40 0.5301023014041089
1
4 0 0.6881784722813009
0 5 0.5157534788941742
6 0 0.5359354010710831
0 7 0.6763618600754708
0 8 0.5421877773219348
0 11 0.5703111107724808
0 15 0.5967737601797598
0 16 0.5650344928367992
0 17 0.5748528284349546
25 0 0.5474970786431979
0 26 0.5033038916576982
0 28 0.5244633802108862
28 0 0.6927329203798368
0 30 0.605107972325805
30 0 0.7213039571624483
0 32 0.5353275062544374
33 0 0.5200722369105837
34 0 0.6255782974454981
0 35 0.5992371219296924
0 37 0.5533036787374028
0 38 0.5061638912561535
0 42 0.559476666766441
43 0 0.635908989426937
44 0 0.5513453819270079
0 45 0.6478369324372542
45 0 0.639093694907316
4 1 0.50100212496614
16 1 0.5375747565614849
25 1 0.5460852147677631
28 1 0.6900112080112885
30 1 0.6319648838284194
33 1 0.5736469844725576
34 1 0.8720033756724928
42 1 0.6526847676502766
44 1 0.505127043961954
4 2 0.5129515117931769
2 11 0.6133475958105841
11 2 0.9766286529834132
2 15 0.7104269163992303
16 2 0.503857580718369
2 23 0.5803029744720787
2 24 0.9445249021545283
28 2 0.7344280675096655
2 29 0.5291316030434114
30 2 0.5896273128173163
2 32 0.784670226482449
33 2 0.5230826868134985
34 2 0.7689326738933766
2 38 0.8018687063329804
38 2 0.9966202994197255
2 39 0.5389353442088645
42 2 0.8027402262211889
2 43 0.5614546715004938
44 2 0.6377297789861187
2 45 0.5594172437036269
45 2 0.5523924880067392
2 46 0.6120897933506166
2 49 0.5862403891012167
4 3 0.6878683950132332
6 3 0.6405783785430983
3 10 0.5598056098398008
16 3 0.5139984189546656
3 17 0.5783914062675795
19 3 0.837647869639903
28 3 0.5530218936258615
30 3 0.6346107737287096
34 3 0.5626916405260576
37 3 0.7621820206061187
42 3 0.5516189340577571
3 45 0.8080351009130717
4 5 0.6277180435490621
6 4 0.6445144041619231
4 9 0.9233089592725643
4 10 0.6183185542463487
4 11 0.5851955749537752
4 13 0.7750391393126457
4 14 0.6992564018320855
16 4 0.56974697905262
4 17 0.6532965795550248
4 18 0.6091067307631526
4 19 0.6050369867746681
4 20 0.6863453902272895
4 21 0.5550161427045889
4 22 0.5334359997564071
4 23 0.6455720172232873
4 24 0.5637477543327603
4 25 0.5413039406163758
4 26 0.6187338320991298
27 4 0.5998485100625774
4 28 0.6276643578267572
28 4 0.6103434208005811
4 29 0.6854131506878058
4 30 0.5013611669523752
30 4 0.6054123632907485
4 34 0.5007744460721362
34 4 0.6207997635396748
4 36 0.6983350072372703
4 37 0.7492724268313591
37 4 0.8349585490414753
4 38 0.5242547081091087
38 4 0.5838957375226814
4 39 0.6669216101510717
4 40 0.8086386462656667
4 41 0.5896153433205689
4 42 0.6549620987962774
42 4 0.6776292753938291
4 43 0.6827930233930757
4 44 0.6038479568673083
4 47 0.7208824518492359
8 5 0.5791235513534259
18 5 0.5964348765441629
25 5 0.6253272390049254
26 5 0.6610275239851413
28 5 0.9209667687299388
33 5 0.5799596337880433
34 5 0.5868804355364633
37 5 0.6829136694480886
39 5 0.5474389221211948
41 5 0.5463883738197952
42 5 0.6188110068646399
44 5 0.5099262121183534
6 12 0.633573938339365
6 19 0.5244475522026217
6 20 0.6871016450410499
6 21 0.6135627229164378
26 6 0.5073434417277025
28 6 0.632479291499367
6 30 0.5702358772855771
34 6 0.768521533486561
6 35 0.7972952979308653
37 6 0.7902441855448112
6 39 0.6154331279078118
6 40 0.5428361850166168
42 6 0.617361110421022
44 6 0.5477620866296984
6 48 0.5607645830457471
11 7 0.6000670981846346
16 7 0.5888807512979531
17 7 0.5138177266820969
27 7 0.7857596005516725
7 28 0.5628605443329622
28 7 0.5392598458369469
30 7 0.6058852822453975
33 7 0.6515928700880268
34 7 0.5668577372491276
42 7 0.5754863679892614
44 7 0.5556935913726839
8 10 0.6394864297973724
8 11 0.6519281175320597
8 14 0.7758270167056485
8 15 0.5325321706340806
16 8 0.6379759137369161
8 21 0.6669750176528035
25 8 0.6555207389358664
28 8 0.7607755846298492
30 8 0.715102162480044
33 8 0.628627889072542
34 8 0.5439675239533571
8 36 0.5687083118441218
38 8 0.5908616238343429
42 8 0.7432666052500928
44 8 0.5315376592452425
16 9 0.577822205179306
18 9 0.6390903822424885
19 9 0.6329126946406223
25 9 0.5981775261759668
28 9 0.5923350728929992
30 9 0.6068174430748345
33 9 0.7623704173759922
34 9 0.619176320825476
42 9 0.5082376180807247
16 10 0.5134028934739396
22 10 0.6473375656428277
25 10 0.7822841538747372
28 10 0.72957299019791
30 10 0.7400833447985744
33 10 0.5432201896773606
34 10 0.6283720502470636
11 15 0.5961784226521811
16 11 0.6357971548462615
11 21 0.7238120151300698
11 22 0.6454426314110913
11 23 0.807755523977959
11 24 0.8315810737123535
11 25 0.7379728129069822
26 11 0.6528898823156033
27 11 0.5824344771174552
28 11 0.5370408379706766
30 11 0.6236784490374172
33 11 0.6660254066374234
34 11 0.5399156366141782
11 36 0.6713044412162161
37 11 0.6060987012214705
38 11 0.8502565811094518
42 11 0.7548466935881525
48 11 0.6640091672982618
12 13 0.5339807247486374
12 23 0.6074790972503858
12 24 0.5368871493912017
26 12 0.5049250803653673
28 12 0.670633452929982
30 12 0.7909754298252195
12 33 0.503409387019685
33 12 0.6736012336661309
34 12 0.6500839863286132
12 37 0.8952034556831916
42 12 0.5235847086113958
45 12 0.5411597310594198
17 13 0.5296285680256352
13 30 0.5138969608584751
30 13 0.5920808849985334
33 13 0.5819358004487872
34 13 0.7500758595080569
42 13 0.5433239395500231
44 13 0.6399780468264018
45 13 0.5027804130798168
16 14 0.6151498091541125
22 14 0.5727048820846163
30 14 0.6557849434570002
14 32 0.555853640342167
33 14 0.6782389279008192
34 14 0.564850086639021
36 14 0.6141684997259438
37 14 0.5755111928848236
42 14 0.7041566514966521
16 15 0.6947667016674075
18 15 0.5089418286262422
25 15 0.9235933115324351
26 15 0.6746168692188141
33 15 0.5088496840942576
34 15 0.7357059411303905
37 15 0.801727782435524
39 15 0.9676649963526818
42 15 0.8097835529163175
44 15 0.6720738367511344
16 17 0.549455003592717
16 18 0.571962132871283
16 19 0.620085251358818
19 16 0.5516845407235076
16 20 0.5052355538958262
16 21 0.6576022286463119
16 22 0.6864191868432358
16 24 0.6146517788019347
16 25 0.5212759130590168
25 16 0.9761818958231432
16 26 0.51502349769291
26 16 0.6411268259716411
16 27 0.6587858602201169
16 28 0.5345001181122349
28 16 0.5301636164281741
16 29 0.6775569667743013
16 30 0.7346447331148367
30 16 0.5433248130328813
16 32 0.5618395756738574
33 16 0.5808675543385364
16 34 0.7045348805412244
34 16 0.6324088328953161
16 35 0.5171893229191438
16 37 0.5420477462288036
16 38 0.6102672045376171
16 40 0.5200664917588265
16 41 0.6435562037909801
42 16 0.6623141690407105
44 16 0.6513138462132129
16 45 0.8128207913474172
16 46 0.570761419193926
17 18 0.6694447937976804
17 25 0.5004525727100739
25 17 0.7402255821970765
28 17 0.5155881823572601
30 17 0.652916410910115
33 17 0.5850396309318185
34 17 0.6822088691351762
38 17 0.5891022380225532
42 17 0.6333969523384815
44 17 0.581553246980735
19 18 0.6816356667362482
18 20 0.5871522612474236
18 25 0.5270232487573434
25 18 0.5940652397400152
18 26 0.9872926263509094
28 18 0.8495396974486618
33 18 0.5418923395121673
34 18 0.5908132583845992
42 18 0.5880868137529695
45 18 0.6462629794229064
26 19 0.5204497466056255
28 19 0.6522285406844244
30 19 0.6154842190711154
19 33 0.6295548643944964
33 19 0.6293151034748822
34 19 0.5397299841453113
36 19 0.5274044057483316
42 19 0.7276167230726687
25 20 0.632988736167496
26 20 0.5421660237595283
30 20 0.5779583778512625
33 20 0.5798759251437489
34 20 0.5360730398890885
36 20 0.540138807094263
42 20 0.5228225715911127
45 20 0.6581382888375225
22 21 0.5824231187005893
21 29 0.5166827600271195
30 21 0.9786190857377808
33 21 0.6018492291654091
34 21 0.5982631159011063
42 21 0.6492408970590726
44 21 0.5239687364100623
25 22 0.8130139786368622
26 22 0.703664092711181
30 22 0.6475748596337206
33 22 0.6643623118970442
34 22 0.6294114267239397
38 22 0.5150742676225886
42 22 0.6313825862815204
44 22 0.6494718841036802
22 45 0.7908176029288405
46 22 0.6865759818994304
26 23 0.7357017593742212
27 23 0.5899907381081407
28 23 0.6387297648753476
30 23 0.7552964196608991
33 23 0.6134510206827217
34 23 0.7537623926116677
36 23 0.5606865596406478
38 23 0.5257426902445466
44 23 0.7118115990392384
45 23 0.5635439876070008
25 24 0.5060249183472647
26 24 0.6759318889179269
28 24 0.5005760392595875
30 24 0.7389080416858935
33 24 0.7141422646981201
34 24 0.9926945033525285
37 24 0.5095634913288616
48 24 0.6412840920552965
25 29 0.6775773365249175
25 30 0.6735354242214975
25 31 0.7037828924147282
33 25 0.8414003203221727
34 25 0.5281684679082015
37 25 0.6021841093973304
25 40 0.8196527646671417
42 25 0.5419150288230067
25 43 0.5744107803134586
44 25 0.8990699734021856
25 49 0.7465247594290745
27 26 0.5837265637891327
28 26 0.5153013877938403
26 33 0.709667278953146
33 26 0.6527538381342959
34 26 0.5969282645260057
26 36 0.6188983886072748
26 38 0.596633185972512
26 42 0.5384008680211869
26 43 0.529592786475964
28 27 0.5544722378338645
27 30 0.6343618554939845
30 27 0.6146933120216904
27 31 0.557417974068535
33 27 0.607150681623013
42 27 0.7137776848533705
44 27 0.699811472848912
27 46 0.5197637430120348
27 49 0.5020340297883403
30 28 0.7601772693676402
28 31 0.6854024157439444
28 33 0.5168063325402701
33 28 0.6360176267041469
28 34 0.6722413547132027
34 28 0.6789357684721294
28 35 0.6386569243524499
35 28 0.5033482031734224
28 36 0.5279401335022436
28 37 0.6132772152479833
28 39 0.6725115015075622
28 40 0.7315239539502025
28 41 0.5172509254514044
28 42 0.8603726942871888
42 28 0.6002821806799304
28 43 0.6129734134800247
44 28 0.7004415599717652
45 28 0.526891422440364
28 46 0.6512768863289587
28 47 0.5261224096357806
28 48 0.6852229246973168
28 49 0.5104474428141904
30 29 0.6648020788248572
33 29 0.5738708664022462
34 29 0.5384360587721895
36 29 0.5812714330211619
38 29 0.6810987504777231
42 29 0.6710193575091524
45 29 0.7158101203071352
30 31 0.6492134339198953
30 32 0.5118898725332288
30 33 0.584455692312151
33 30 0.7257210366046296
30 34 0.6868204498363475
34 30 0.6115792838454158
30 35 0.5922890084443876
30 37 0.8558026837288912
30 38 0.8670071086949043
38 30 0.5580534011748535
30 41 0.8071650048737976
30 42 0.6012911713430172
42 30 0.617771645910407
30 43 0.6764019848062559
30 44 0.7135267645291151
30 47 0.6340889498716831
30 48 0.5646949147990847
30 49 0.645754939513472
34 31 0.6320688088649102
37 31 0.6172663761497057
38 31 0.8157355503055362
42 31 0.6112650902501577
44 31 0.6914275132062058
33 32 0.5650213509786465
34 32 0.6848944794770085
37 32 0.980404842720064
42 32 0.619855205327045
44 32 0.6078975988281323
34 33 0.5336058941496262
33 35 0.810557369275063
33 37 0.6623466199867756
33 38 0.6562312471143797
38 33 0.752622791429041
33 39 0.6801159360470868
33 40 0.543767497952618
33 41 0.6882043778155112
33 42 0.8279792309281122
42 33 0.6245466691175237
33 43 0.5169401927302297
33 44 0.6723967138098553
33 45 0.5340026575361149
33 46 0.5486233652528405
33 47 0.7429453394586366
33 48 0.6797486937466668
34 36 0.7181327360530538
36 34 0.5024194374272284
34 37 0.8132666914161581
34 38 0.705344445902006
34 39 0.848497999545087
34 41 0.5211675764769707
34 42 0.5130952532624207
42 34 0.5283719366975472
34 43 0.5059527216761976
34 44 0.6337914570344721
44 34 0.649116210485861
34 45 0.512931646251447
34 46 0.6062290020055724
34 47 0.6452742822964919
34 48 0.6028249235952045
34 49 0.8222587240800517
42 35 0.5802832769420192
44 35 0.574090752027115
36 39 0.5132041045414357
36 40 0.5757378170431213
42 36 0.5065767286297023
36 45 0.540336837761231
45 36 0.5878667197201259
46 36 0.5510104954881454
37 39 0.698521461416389
37 41 0.6502410098295659
42 37 0.7687399573114846
44 37 0.5281162863476354
45 37 0.576385657365605
37 49 0.613731832789226
42 38 0.5038448596936769
38 43 0.7008150767210919
38 44 0.63915001455945
44 38 0.5743112537321009
38 48 0.622193777472203
39 40 0.7927020868347554
42 39 0.6257307516863211
44 39 0.5066248603869523
39 49 0.5894101039309314
42 40 0.5123529855691842
44 40 0.504445233423823
45 40 0.5851029232530336
42 41 0.6017509817692526
44 41 0.6855276565673764
42 43 0.6539666374059958
43 42 0.6564008781107145
42 44 0.6612883123936524
44 42 0.7716921308748683
42 45 0.6564558220070436
45 42 0.5617269578813253
42 47 0.5235189194005484
42 49 0.7726371694584516
44 45 0.6620341650252346
44 46 0.5895567213798307
44 47 0.5602681485368748
44 48 0.570893898970491
44 49 0.518425828773531
45 46 0.5600116722736763
45 47 0.5326376179167551
45 48 0.5946715993997083
2
6 0 0.5841146257858525
24 0 0.6213892000429513
28 0 0.8955999113855901
32 0 0.653205437732572
0 42 0.7075799644586716
49 0 0.5675472306437306
6 1 0.5354265836204196
1 12 0.7635296856007174
13 1 0.6243874182595341
24 1 0.5660018938007898
26 1 0.6375223525449216
1 42 0.6609751186980788
46 1 0.8397122638455305
5 2 0.6356425037465332
6 2 0.5110207687754642
16 2 0.6392803376645451
24 2 0.5429886360908238
28 2 0.6474303670426318
29 2 0.9701163036956617
32 2 0.8359192233683788
38 2 0.6825016596176083
5 3 0.8417739708269729
3 11 0.5198997670829006
3 21 0.9529053969807999
3 26 0.7773252775751518
3 28 0.5725763892107645
29 3 0.5606251823383237
34 3 0.5330912585397658
3 39 0.6374560591375427
3 43 0.5760277372388294
49 3 0.5626685117586663
6 4 0.5937703587247812
4 11 0.5303449714641917
16 4 0.6749996980464243
27 4 0.6709579485056782
38 4 0.7774844670135188
6 5 0.5679768202488065
5 12 0.7037570609061197
5 13 0.6050262795560017
16 5 0.9659357776412845
24 5 0.5987271864398428
29 5 0.5976661850627331
30 5 0.508879131092628
5 43 0.5352617798465074
45 5 0.5772304002673745
49 5 0.562506230934994
6 8 0.6260306744969892
8 6 0.535418576247833
6 10 0.7791340204362638
6 11 0.54366635689418
6 12 0.6114529413639154
6 13 0.7209273745570194
6 14 0.6703750603645999
6 16 0.5690463320208725
16 6 0.5048590664702721
6 17 0.513566255465361
6 18 0.6369595329141093
6 19 0.6989706635751564
6 21 0.6682057238245167
6 22 0.6466592764327093
6 23 0.5967958499542974
6 27 0.5526766244615016
6 28 0.5365932605981483
6 29 0.8118534896579326
6 30 0.5152208111440542
30 6 0.6482572799217095
6 31 0.6011965343704346
6 32 0.6496729876967036
6 33 0.6532824330787212
6 35 0.5552107660258524
6 37 0.5069904073147198
6 38 0.7024605601474021
6 39 0.5633482676457839
6 40 0.6035980654339586
6 41 0.5128520409447284
6 42 0.6065644360673492
6 43 0.8650599797425154
6 44 0.584632721595256
44 6 0.5153049317987108
6 45 0.5556861324695217
6 46 0.6436086507176072
6 47 0.588979491201153
6 48 0.5574972601791214
6 49 0.8612740611668543
13 7 0.8371780560136346
16 7 0.6098406827256071
35 7 0.6787524279773538
45 7 0.6246225675924502
8 10 0.6103406367394693
11 8 0.7542977398130979
8 13 0.8029499722545836
8 15 0.700550026235252
16 8 0.5029341934550564
8 17 0.8620337010777537
8 19 0.7118739224912918
20 8 0.6405165169788263
8 21 0.6174190893850229
8 26 0.8123547714331152
35 8 0.5372138494746235
8 43 0.5902630920533654
49 8 0.534576707092407
14 9 0.54854623067861
16 9 0.6190757531990634
9 19 0.5327061288557109
20 9 0.8182834150729372
9 23 0.6767022956874225
24 9 0.8170733349290631
26 9 0.5329687222370783
9 29 0.618449770883392
38 9 0.5579942248160941
9 42 0.5417937594104554
49 9 0.6410611243569754
10 12 0.5544440938448845
10 15 0.6417245557557871
15 10 0.7418298295690222
18 10 0.5412674797073243
20 10 0.6754356016085998
10 25 0.768715226726306
10 31 0.8729353349816684
10 45 0.7036268654411095
45 10 0.699958399947918
24 11 0.5115511012110256
28 11 0.5550450769162731
11 29 0.5890904787108631
11 32 0.8880807016238279
32 11 0.6225899327610231
40 11 0.7384062980149784
11 43 0.5623546536460144
44 11 0.7099894045858639
11 47 0.5053960305327385
49 11 0.5084786359659135
14 12 0.5554619677749841
12 16 0.752776094338403
16 12 0.508010133553693
12 20 0.5288149987557094
20 12 0.6604090568492864
12 22 0.5060921175371944
12 24 0.5124068581481875
34 12 0.8406648345299679
12 35 0.5059467600887162
37 12 0.5831049203784653
45 12 0.9988735840589253
49 12 0.7504152664669286
13 21 0.5092617489893003
26 13 0.5046283471698221
13 27 0.5767120879977172
28 13 0.6102135651975843
13 31 0.8704117259136332
13 32 0.9001579068266592
35 13 0.804296178071237
13 41 0.7321499780859753
45 13 0.7702846694841645
46 13 0.5636021865276264
49 13 0.5617331815758257
20 14 0.8876089770304874
21 14 0.7118133579827615
14 36 0.7262034498959082
40 14 0.6233018012248832
42 14 0.544668310435757
46 14 0.513693681097158
15 16 0.9897081903917138
16 15 0.7412212892772835
17 15 0.5191677589226464
24 15 0.7494716501187941
32 15 0.5161983001325705
15 36 0.5451862683531881
39 15 0.7987816067453635
40 15 0.5952900478182976
15 45 0.5983656951106822
45 15 0.5491709064447141
15 49 0.7217864843265818
49 15 0.5828193372785864
16 19 0.5941149025415688
20 16 0.6194659967514293
16 21 0.6223402001706789
16 23 0.6213796068492775
23 16 0.7899634826687594
16 25 0.764308898910177
16 26 0.844122494788382
16 28 0.5263805792233076
16 29 0.6068743904672086
16 30 0.6544175375788894
16 31 0.7884550391414709
16 33 0.6242967274840807
16 37 0.5746587474929963
37 16 0.5002738482210127
16 39 0.6423953876370795
16 41 0.6471748563816602
16 46 0.5170217059064908
46 16 0.5890560434514063
16 48 0.5050152227696603
16 49 0.6655758242538542
17 19 0.5731212195253168
17 22 0.5673601810608737
17 25 0.576820322666898
17 28 0.5746329131943737
17 34 0.5038506313827167
17 35 0.5285800082490921
37 17 0.8251832322869264
38 17 0.5901634400649827
40 17 0.8662561922008643
17 43 0.5454131252158263
17 48 0.5397792048591585
49 17 0.6349562845484047
18 24 0.9081554149066131
18 25 0.5325308875579833
18 26 0.5396006475176942
18 29 0.6740723809438233
18 33 0.5132059554503918
18 34 0.5737668536260405
35 18 0.7216948550763478
18 36 0.5355618514645228
18 41 0.5919606938498516
18 42 0.6522673881355467
18 43 0.7280473837390373
18 48 0.7284144968807544
18 49 0.6420720692855368
44 19 0.8283492419769154
49 19 0.568815283467573
20 22 0.5694629846909243
20 24 0.5396652893193425
26 20 0.6956234967727177
20 27 0.5521969019030917
20 28 0.5846637575621689
20 31 0.5780487957135461
20 34 0.9619048465938724
20 37 0.6290647617182905
20 38 0.7995247180772962
20 42 0.5242921901970713
20 43 0.5140231288013055
20 44 0.5693817885459835
44 20 0.6279369335675438
46 20 0.6516242833188617
20 47 0.6998726514755145
21 28 0.5070529411699156
28 21 0.6312350469444186
21 37 0.674904757460983
37 21 0.6956836137883511
21 38 0.5324302993755339
38 21 0.6273143972795792
45 21 0.6220884592280334
46 21 0.72155674594559
49 21 0.5117614186084221
24 22 0.8314827131281977
22 29 0.6431059163922646
22 41 0.5272071800958724
44 22 0.6003369650708656
34 23 0.5378109185414452
38 23 0.6511160484787424
49 23 0.5197107008090966
24 27 0.5815080517482603
27 24 0.8356166082351302
24 28 0.6903697287305481
24 29 0.5513373590361959
24 31 0.5828688490692474
24 32 0.6793735845214524
24 33 0.6665475610851586
33 24 0.6740793823111353
34 24 0.945232604582799
24 39 0.7043525884354882
39 24 0.5082279382594099
24 41 0.5815292599890105
24 44 0.6462021359380483
30 25 0.5586966314375605
38 25 0.6635370288374556
44 25 0.7571428021899225
26 29 0.5898345729405023
26 32 0.750174832759195
26 33 0.5541237295593437
38 26 0.5652168303397748
45 26 0.6696589494412846
49 26 0.6743774938814073
32 27 0.7244846656090367
33 27 0.5753786340174998
27 44 0.5227366936175337
49 27 0.5955833134356936
29 28 0.5500579275819388
28 30 0.568858605963174
30 28 0.5906462423639414
28 31 0.5033264707469032
28 32 0.5596364370582736
32 28 0.8281833087549149
28 33 0.581019455073245
33 28 0.5734816396449909
28 34 0.5949916428921236
35 28 0.5028951723246704
28 36 0.5880306395945549
37 28 0.5207798149225316
28 40 0.5869617793155937
40 28 0.6552296194812913
28 45 0.6018343430641302
45 28 0.7099615714699832
44 29 0.874586881795298
30 31 0.5835350178164895
35 30 0.7355100573792863
44 30 0.5339654917491052
45 30 0.5392186336241944
30 49 0.5264598122002118
32 31 0.6639961854837586
33 31 0.5319564941204273
35 31 0.608359941895772
46 31 0.5171986800826054
32 35 0.6833061532814801
35 32 0.6007343919018965
37 32 0.7413582255016338
32 40 0.5002377654865691
32 42 0.6306773171669795
32 48 0.704911071055776
35 33 0.8849906033635895
33 38 0.5506858139133586
45 33 0.6616856537806202
33 46 0.5686152990336641
46 33 0.5006051433367338
34 42 0.5312550426649727
42 34 0.9601655243785476
45 34 0.5096570298882137
49 34 0.7345353383457809
38 35 0.5251948213027822
35 41 0.5394005801255952
35 44 0.6173687533306702
35 49 0.6431343077239116
49 35 0.5356347073302088
49 36 0.567015745335439
39 37 0.5687466387711315
37 44 0.5136613812831241
44 37 0.6616279031134642
42 38 0.6736392134672264
38 43 0.5234746864677975
44 38 0.5103224948061413
38 46 0.8912689632243298
38 47 0.7428955915718222
40 43 0.7044219631892379
40 47 0.5191120516990457
49 40 0.8267720628620526
44 42 0.5893640338943016
45 42 0.6544582556943561
49 42 0.7074675359776601
43 48 0.7828577557946594
49 43 0.544543597082465
44 48 0.5429367240430651
45 49 0.6753179926566564
49 47 0.6748237711312128
49 48 0.8096149009841773
3
4 0 0.5387642412748179
0 8 0.635115124516815
9 0 0.5946545901742324
0 21 0.5078529770254951
0 33 0.7215051100915526
0 40 0.5158220025217781
0 45 0.8206480831394158
45 0 0.6674845778153852
49 0 0.5341605982342534
4 1 0.6082130176288998
5 1 0.6208342350587754
7 1 0.544772718364303
9 1 0.5655791902487102
12 1 0.6188432067161498
1 36 0.5225803734674255
36 1 0.7348246936524261
1 38 0.5335308995889658
43 1 0.5702771276497753
45 1 0.5168306109426481
47 1 0.6163441919226624
23 2 0.511969853791536
25 2 0.5832926657563506
45 2 0.5252157537518812
48 2 0.5549815017304178
3 5 0.5307807590874405
7 3 0.5507201947350162
17 3 0.7026481740499886
25 3 0.6685504435264491
36 3 0.732840305224775
47 3 0.7058070331919934
7 4 0.5589637697952905
4 8 0.5450717542682371
4 10 0.6374855785933791
4 12 0.6195461487282241
4 13 0.7390265449457167
13 4 0.6756250994518731
4 22 0.528617723096904
22 4 0.5374007548548194
4 26 0.5075024074636048
4 32 0.6860830366494506
43 4 0.7562801068935221
4 44 0.6118974525488805
45 4 0.5235143357455587
5 7 0.672910133917936
5 17 0.5655083573738555
5 20 0.6670393040291716
5 27 0.579471324109736
5 28 0.5718300889964254
5 33 0.608722964632467
5 34 0.9790955743458507
5 35 0.514082461295623
5 37 0.5285875631419625
5 38 0.5228135683507633
5 40 0.7554648648800355
45 5 0.6302953470255555
5 48 0.5051927122807289
14 6 0.7691360356631258
17 6 0.5512644626463516
22 6 0.5946480093701658
23 6 0.5633623053704999
24 6 0.6100170881280196
29 6 0.5753560237398585
42 6 0.5388540599933112
45 6 0.5306764358022658
7 10 0.6868728692383219
12 7 0.5078442683706839
7 13 0.69882502814562
7 14 0.6315292073529919
14 7 0.637222235728879
15 7 0.6423745093233312
7 16 0.581029304915907
16 7 0.5392717588925706
7 17 0.6141280111445867
7 18 0.7472437029615617
7 20 0.6856715222662784
7 21 0.639135530653023
7 22 0.6680949864079102
7 28 0.5886987643750206
7 33 0.7535534767030381
7 35 0.7028675695598475
7 36 0.6349128398570629
36 7 0.9146880131501687
7 39 0.6459195826174202
7 40 0.7073108235750583
7 43 0.682015641372525
7 45 0.5218378964325232
45 7 0.5343983690388805
7 47 0.5174018754652109
7 48 0.5655282609074488
48 7 0.6304819830731125
7 49 0.609372798468123
49 7 0.6247513282133297
10 8 0.5119791824084072
15 8 0.551750137205524
16 8 0.5250740423547773
24 8 0.7094097725122113
25 8 0.6751180717211169
42 8 0.6473138168820358
45 8 0.629027761357003
9 10 0.5073400758218953
9 14 0.743976325802379
14 9 0.5397048881308681
16 9 0.925003443924181
9 19 0.6153308606415555
9 22 0.5021636171136381
9 23 0.5677235920240391
25 9 0.7899028686769343
9 28 0.5501762276522906
38 9 0.6982722702457789
9 39 0.5885733210185791
45 9 0.5958651084790354
49 9 0.5778971846115901
10 19 0.5138965776050974
10 35 0.7815956872128078
42 10 0.5887168769018896
11 12 0.6768017845488041
12 11 0.6426649198141248
42 11 0.5195209406826755
45 11 0.6846945299522393
12 25 0.5048901711229392
12 29 0.6795480925747879
30 12 0.72169179961479
38 12 0.5210045392730509
12 40 0.5126135307989919
42 12 0.6297512693972089
16 13 0.6426421900007291
23 13 0.6789692721840015
13 26 0.5532139591043779
13 27 0.6629281974310741
13 46 0.5242714582385171
48 13 0.9045276409918961
13 49 0.6665004561938277
16 14 0.7577926880697703
14 22 0.5546472114542315
22 14 0.6348854220752798
14 23 0.5588874736984035
14 26 0.5331042364190914
14 30 0.9912811834932842
14 33 0.7629997461739397
14 34 0.7136633413235003
14 35 0.5733012305447656
14 40 0.5755543286560827
14 41 0.6387088516053523
14 42 0.7848046010280232
14 45 0.5291865100788313
14 46 0.5372603724331679
48 14 0.7417351389147071
15 30 0.6906623802776766
42 15 0.7664279319483849
15 45 0.57979536236563
16 18 0.6732493525519365
16 19 0.6516236295519438
16 21 0.5559650211689611
16 22 0.6365961261585726
16 24 0.9592947670346315
16 28 0.5123538611983314
16 32 0.6087690686890428
16 33 0.5541553875794649
16 34 0.5934677667805177
16 35 0.7350564589982733
16 36 0.6499163692098167
16 37 0.5611594673672309
16 39 0.6668498919948482
42 16 0.6009506394006628
16 43 0.7710388284084893
16 44 0.5295772667694973
16 45 0.7790834215006519
22 17 0.5095489441360876
39 17 0.7572233705383138
42 17 0.5377878967168492
43 17 0.556608736692612
22 18 0.5735603855985318
43 18 0.5266175812733789
49 18 0.6048559355356473
25 19 0.5439344450886467
35 19 0.573000982220047
19 42 0.661059442159246
42 19 0.5849521983568193
45 19 0.8385077918110115
22 20 0.5435473075453621
24 20 0.5048445691044161
38 20 0.5196475737325368
42 20 0.660221182649847
43 20 0.5871683805826611
45 20 0.7588292008250768
48 20 0.5801070054742077
22 21 0.5314997512543187
42 21 0.5101293656529977
45 21 0.64341883357854
21 46 0.583009572089294
21 47 0.5537546988480442
29 22 0.5750628101856115
22 30 0.6010973203862576
22 32 0.5642262914228646
22 33 0.6419066345889538
22 37 0.5092071721052662
42 22 0.5059372028072213
22 43 0.5676605624488846
43 22 0.737197972229847
45 22 0.6613967814817048
23 26 0.7288487053843744
23 33 0.5925839133752095
36 23 0.5554135573122974
23 37 0.6645809216053287
38 23 0.6403375255438979
23 39 0.5486748432028736
43 23 0.5820976884811897
45 23 0.5545427699504448
24 29 0.5084876363883444
29 24 0.5549407116835374
42 24 0.6180824043215383
24 46 0.5362282416042858
25 44 0.7404280011123441
25 45 0.6109204539807351
45 25 0.6293603007546118
49 25 0.6447908243727356
30 26 0.5475456000557344
42 26 0.7647687804861987
45 26 0.5555548399620758
27 29 0.5664757726264076
27 32 0.5561316594170584
42 27 0.8592952066253319
36 28 0.6268231328733185
42 28 0.6656693908027149
43 28 0.9235471903476495
29 31 0.6871187393604623
29 40 0.541481682461399
29 49 0.5706102101673056
42 30 0.6370066945592417
43 30 0.6579394612216796
49 30 0.5023442302078607
43 31 0.5854090152625604
45 31 0.5095741004952739
42 32 0.5628608062943907
45 32 0.5774405935838809
42 33 0.5889884480912193
43 33 0.7243779217615032
48 33 0.6115184622416481
43 34 0.5703676883970437
37 35 0.638009406315796
42 35 0.605673217286224
45 36 0.5550393994877227
42 37 0.8088664546264812
43 37 0.5813357828640222
48 37 0.5472358092307537
42 38 0.5700953436027176
42 39 0.6374982182040653
43 39 0.7539806805393832
45 39 0.5576845517544016
43 41 0.5354585237010328
45 42 0.5940234827871913
42 46 0.5814417583723825
42 49 0.6172028744242293
43 44 0.6624318078567274
45 43 0.5126101551040092
45 44 0.7731147973957546
48 44 0.5983823553186263
47 46 0.5783156004129317
4
0 8 0.7105660615195803
8 0 0.5090327383036704
0 9 0.7686090848769336
0 10 0.5609623115669072
0 11 0.7048836271470589
0 17 0.7502134140847025
0 19 0.8212995579647051
0 22 0.5191860146471665
0 23 0.799572363785068
0 25 0.5501331763602504
0 28 0.5099824478240746
0 29 0.5300093573808797
29 0 0.5109115130232829
33 0 0.612345331422016
0 35 0.5467815595378928
0 38 0.5396850910782619
0 40 0.5682011559687568
41 0 0.7780297731425256
0 42 0.6420054956542994
0 43 0.7068314527121209
44 0 0.6515712842927832
0 46 0.7606243570339319
0 47 0.5129212411670507
0 49 0.5306369990657152
1 7 0.6046514386866724
13 1 0.5059341818963676
14 1 0.5445952188046684
20 1 0.5296952573046905
33 1 0.7887631931329622
41 1 0.5227404088577221
44 1 0.6513199386789004
4 2 0.5689882923146292
2 7 0.5614078206353712
2 10 0.5593596098483296
2 12 0.5048858524235824
12 2 0.597438824677587
2 14 0.7302891105108256
2 15 0.7483112634156539
2 21 0.5721988506798491
2 24 0.6062769130748578
25 2 0.5411285240751629
2 26 0.5682351040944558
29 2 0.758215970009702
2 30 0.8717244541532896
2 31 0.6372685344158051
2 32 0.5090011491646875
2 39 0.6976576861251202
2 40 0.5998555845992546
2 43 0.8193670131875128
2 44 0.5113768072026421
44 2 0.5316488379323667
2 49 0.5836748058654921
13 3 0.6063994329922986
20 3 0.7782018076421195
22 3 0.6647892184968767
25 3 0.5379131574708977
3 39 0.7226909991876902
7 4 0.5944610116490998
12 4 0.6075856314311403
4 21 0.7313943530390403
29 4 0.5341268933387692
33 4 0.5841290052286472
4 35 0.5964743029418071
41 4 0.5684212781959983
12 5 0.7267203105385098
25 5 0.83012267342063
29 5 0.6425493346998856
33 5 0.6409137868653803
45 5 0.6551532793437806
14 6 0.5063250694583052
22 6 0.6176712354996963
41 6 0.7799996883600007
43 6 0.5169102358685418
44 6 0.6633440330855953
46 6 0.5246513801536413
7 8 0.5178110193187644
11 7 0.523742904238008
14 7 0.5179150473533591
7 18 0.8185421127873385
20 7 0.6375368246556858
7 23 0.7417906072643847
7 26 0.563588764955975
7 28 0.5936988514930472
7 39 0.530983474237608
43 7 0.7836212316588542
8 9 0.6348660937255994
8 11 0.9529803399615899
8 12 0.5740864750482719
8 13 0.5074725194436711
14 8 0.5901003571286281
8 15 0.6367652313221075
15 8 0.6308810520177128
8 17 0.5441429361549994
8 18 0.5165899771352613
20 8 0.7948024692550026
8 22 0.7167257118185628
8 23 0.5337246657997594
8 26 0.64168788153412
8 28 0.5052281684607485
8 32 0.6213809783911461
8 33 0.5192404245822391
8 34 0.5208005168938024
8 36 0.537952367125501
8 41 0.5718435010583242
8 42 0.6076121412263267
8 43 0.6010438861968779
43 8 0.5510556550081114
8 44 0.6439283230921313
8 45 0.5279586588967426
45 8 0.5243959307491652
46 8 0.597275697951857
8 47 0.567419342251767
9 11 0.7638867276363277
11 9 0.6012857294191236
9 12 0.550569056292405
12 9 0.5177690155834673
9 17 0.6903914801874693
9 20 0.7737272489360794
9 21 0.6510990104120795
9 22 0.7515503722044297
9 25 0.6446203507092199
9 28 0.5126449736472476
9 31 0.6689500713461456
9 35 0.6053152044761605
9 40 0.6745932950776976
46 9 0.5094421146232984
14 10 0.9480424622091304
10 26 0.6321336311325687
29 10 0.5942060400507492
10 31 0.7111247469740172
38 10 0.7744063209146983
41 10 0.5288725106240857
43 10 0.6063252437844456
11 12 0.9625568254283392
11 28 0.5173604236109406
29 11 0.5445828233306176
11 32 0.5926700694835518
11 48 0.6272343418968995
14 12 0.6541301966049173
12 18 0.5120120328189008
12 21 0.5575481238848503
12 24 0.6376940005360678
12 25 0.5558592819369024
12 27 0.5614708980558332
12 29 0.5560660397356387
12 30 0.6590323285357123
12 36 0.8883048095809505
12 40 0.6564344797136057
12 44 0.7124902619244533
46 12 0.6875235708695984
14 13 0.5544358610381368
29 13 0.6119404727947086
13 35 0.5448755864372901
40 13 0.5169467092040894
13 41 0.5896617357971463
44 13 0.6082307885671404
13 46 0.8037593274855073
13 48 0.5580451752867162
14 17 0.5720507373850754
14 18 0.5353015798925
14 20 0.8120628571109831
14 23 0.599735604135202
14 25 0.5896585347636856
25 14 0.697703469211951
14 26 0.6463507398058964
14 32 0.6333124872009319
14 33 0.7196067449574264
14 36 0.530525162199333
14 39 0.6445108067217249
40 14 0.540142245785296
14 42 0.5205177627343134
14 43 0.7159325045183649
43 14 0.9270851648971303
14 46 0.6611075795026744
14 47 0.7776594450066545
20 15 0.5476584563632343
15 38 0.515662146264402
43 15 0.561188999604281
33 16 0.7858337723397057
41 16 0.5427351554203883
44 16 0.8783312817125406
40 17 0.8082382266276209
43 17 0.5033761899625373
20 18 0.5105998196791968
25 18 0.662817629659664
33 18 0.5087453340820649
41 18 0.6804892679149825
33 19 0.5349143363041502
38 19 0.6937981658275019
45 19 0.5338980583604891
46 19 0.6433925664501616
20 28 0.6077609722818538
20 30 0.5898425203066429
33 20 0.5569768119789238
20 42 0.5088388756769353
43 20 0.5917776194678115
20 48 0.5715497355801324
43 21 0.580106192603193
25 22 0.5861425878148079
22 26 0.6966309589661346
22 29 0.6538204093198978
22 31 0.6095602824348998
32 22 0.563933604317642
38 22 0.7214297242520021
22 41 0.8056798350886472
32 23 0.7328386101165025
43 23 0.6531947232979884
44 23 0.6774328779647251
23 45 0.6341964398985678
46 23 0.5823150569280309
48 23 0.5422204451691879
46 24 0.5628620550417642
25 29 0.5896173374945728
29 25 0.5832036718779551
33 25 0.5215501637519513
25 41 0.7362107344320008
43 25 0.990153731324275
25 45 0.5315802610122147
29 26 0.8134100365059009
43 26 0.5086078319912986
27 29 0.6891658604086905
29 27 0.5706805471964778
38 27 0.5789929183914264
40 27 0.5591366540322038
43 27 0.5255367652291654
44 27 0.5585484864445305
46 27 0.833400009958025
29 37 0.5312539291882554
38 29 0.5673200942786878
29 42 0.7092716325443162
29 43 0.5969117896130827
43 29 0.578573189866852
29 48 0.5953509128622627
48 29 0.5925606258627372
43 31 0.589903758415762
32 35 0.5621387458659153
32 40 0.6065937678312632
43 32 0.5647733773861827
46 32 0.5119158442868472
33 39 0.5026204992812546
40 33 0.5503890513500188
33 42 0.7969891288679358
44 33 0.9706346829887147
33 49 0.9057590673884381
43 34 0.5021633307477997
43 35 0.6178947605159857
44 35 0.5411873956897195
35 49 0.7419078475528744
41 36 0.683872550139744
43 36 0.7638578828864746
46 36 0.6705004308071734
40 38 0.5113693944676412
38 42 0.5430549846047998
43 38 0.5116802152101498
44 38 0.6615055440928597
38 47 0.6651501974627638
48 38 0.6163412190121094
46 39 0.8417424661066644
40 41 0.5618050036927205
43 40 0.578357148207051
40 45 0.8716086298259751
40 47 0.6183023742672459
49 40 0.5297357355547039
41 44 0.5827977382625384
41 46 0.8107322739785721
41 47 0.5812593176088848
41 49 0.6537874245859514
43 42 0.5083524596028155
45 42 0.58809704812954
49 42 0.666779241580834
43 44 0.5074769679023323
44 47 0.5315959629875107
46 45 0.6530319012320468
46 48 0.6426760465032442
48 46 0.6732638218354419
