50
5
12.802568831855123 3.301682133577638 5.295494090921555 11.245022073024858 7.232784722824411 9.733058140654283 15.005214015699456 22.899863788941254 4.409186612694824 7.163206174604116 7.37333363292746 12.452494416757828 7.507937964972068 5.867041995374796 12.850068223920243 20.915393066669075 12.808230251512782 10.113432713296664 8.461538498265071 2.9664058872261414 12.130626466184165 4.958705885358982 14.472221710973054 2.6203387418045203 9.588983315261743 15.931718974394432 12.634217701475581 8.997644411525886 13.653689332272222 11.36758045703489 14.003762670208994 8.825426772938773 13.757641634781072 10.569304842584543 7.311218632342074 11.165394789074345 12.187087082305663 4.841046421524306 6.446492189419393 14.11842089299942 16.31002800319709 17.019032719364226 3.4907984050219776 4.288634472578915 8.957689029708535 5.077311174189549 5.320961124638364 8.095007529437819 14.051092615972863 7.40396476570699 
0
0 22 0.6727749293714524
0 35 0.5480538676826938
0 43 0.7516565057280322
0 48 0.5508031672336746
3 1 0.5580380271613916
1 4 0.6984501872547182
1 29 0.7409484423949884
20 2 0.7597932227108077
2 30 0.8660994357829295
2 31 0.5489697434249259
2 47 0.5321656762993423
39 3 0.6851198458053833
47 3 0.5417944008579176
6 4 0.5357165634591916
4 19 0.6055805053959478
24 4 0.7268723330935134
47 4 0.5561680137950831
6 5 0.53840387816036
5 16 0.6018741799806588
5 27 0.5187367658412494
5 28 0.5420098822654009
5 29 0.6247286081045298
5 30 0.5113624806408728
5 31 0.6017890556769072
5 35 0.5559142077666392
5 48 0.5091255848273488
6 20 0.6575178388559948
6 46 0.6119122093489058
7 12 0.5200500270026756
7 20 0.5551423931427326
25 7 0.5204524889314852
25 9 0.5072855464262107
10 15 0.5288855235351462
17 10 0.508895330024411
10 47 0.6065874064016394
20 11 0.727679406432455
11 24 0.84902845310265
25 11 0.5042844347682538
30 11 0.7493571666795202
11 44 0.5406907629687319
12 22 0.8627108550625939
12 45 0.519261947637329
25 13 0.6814962387048873
30 15 0.5926125167269749
48 15 0.6784948832460029
16 17 0.5627356786846263
20 16 0.7171811621739366
17 18 0.5163833262913238
17 20 0.5097588307206673
17 21 0.5538617267063342
24 17 0.797477689576076
17 39 0.520344253409962
17 47 0.6455819014511763
47 17 0.5889889702240161
48 17 0.5620464185741261
30 19 0.9163093973763177
19 31 0.6812665865442116
19 36 0.7666368176249945
20 33 0.5020558675222093
20 38 0.5021499143924342
20 41 0.5940214521293603
20 44 0.5262423286530891
35 22 0.5631337746033429
22 47 0.5114549339053602
35 23 0.5213924566703372
25 34 0.5274755299289757
25 37 0.5739316121519933
25 46 0.57190700622051
39 27 0.5658560694376217
30 28 0.645843373581158
47 29 0.5105953560261094
33 30 0.7290741959953781
35 34 0.5537800106631361
35 46 0.59051961263792
39 38 0.5419100262038654
44 42 0.5313016263768231
48 44 0.7307402669300376
45 48 0.7429228842079527
1
3 0 0.5181091749282895
14 0 0.5256956198367064
15 0 0.5840199011867119
26 0 0.6966348425511861
27 0 0.5257431496998768
32 0 0.511405503571275
0 34 0.6580264541272427
38 0 0.6082190135088543
40 0 0.6232987293925114
0 41 0.5978182962245009
3 1 0.674822884675757
4 1 0.5593886485284254
11 1 0.5733192318763205
15 1 0.7321086270893593
1 16 0.7061035259308817
23 1 0.5124704904013073
32 1 0.5781527599670144
1 38 0.5681033435762808
38 1 0.8536358050982407
14 2 0.8067274046056738
15 2 0.7956576156654949
22 2 0.6789591115483544
2 23 0.5577502643149559
26 2 0.6987042197487405
27 2 0.5555727502448022
30 2 0.5329634883544252
44 2 0.6987486284825561
3 4 0.5946194030749614
5 3 0.6628170978249384
3 6 0.5988894399823235
3 7 0.6084186503637213
3 8 0.5167879252592258
3 10 0.5813093152491452
3 11 0.6518797463647186
11 3 0.6293703863729696
3 12 0.6974928269805343
3 13 0.8981857719692321
3 14 0.6367758359317197
14 3 0.6585097762037465
3 15 0.7101573149639444
15 3 0.55622222676483
3 16 0.7305367116310997
16 3 0.7808088675319178
3 17 0.6384250843022504
3 18 0.6278314054893162
3 19 0.572142942989143
3 20 0.5323948751795144
3 21 0.6630643372724013
3 22 0.5278999427604738
3 23 0.661591333401971
3 24 0.6156342385026746
3 25 0.5656657051400897
3 26 0.6150846081457094
26 3 0.8075791702773072
3 27 0.5949540250268687
27 3 0.8938048087197024
3 28 0.5206229581396788
3 29 0.5046461364009287
29 3 0.6847573827880573
3 30 0.722338419179663
30 3 0.6018367627483885
3 31 0.6062452725872031
32 3 0.8480850765478862
3 33 0.5078030161109011
3 34 0.7470522536668587
3 35 0.5773033558144155
3 36 0.7647431462230034
3 37 0.5270876224396859
3 38 0.625262872171629
38 3 0.7209413568181414
3 39 0.5985513195497828
3 40 0.5889987672369686
3 41 0.6380355738281437
3 42 0.5543068506668485
3 43 0.5357689279128969
3 44 0.5435688313805176
3 46 0.5245033333154021
3 47 0.5442289035017287
3 48 0.7718680338156996
3 49 0.6385437793393501
4 7 0.5015618861533739
11 4 0.6159040249189368
4 13 0.5226815675882548
14 4 0.6199169637261869
4 15 0.5007191786252101
15 4 0.6122526936930333
4 17 0.5486157158697385
4 18 0.6606790365578485
4 20 0.5587845510281242
4 23 0.7103972425392582
26 4 0.6427941137691708
4 27 0.514800466804472
27 4 0.5491899351266238
4 31 0.6220329434609867
33 4 0.5846097535154471
4 36 0.6385607680559056
4 37 0.582035342955957
4 43 0.7085820551270334
4 46 0.5215778889738705
4 47 0.5246057878200849
47 4 0.6095208659761824
4 48 0.524068251219667
4 49 0.5004319777999569
5 10 0.5206047630685942
11 5 0.5306646301262579
14 5 0.6461729594090673
5 15 0.7417463323920805
15 5 0.6501820705584354
22 5 0.5235444206634847
26 5 0.5738824982105697
27 5 0.5791009163024512
29 5 0.7689075313512865
34 5 0.5407349324436919
5 37 0.6560717856357625
11 6 0.5429854136103921
14 6 0.5661333488658769
15 6 0.602362455251791
26 6 0.9581416432181051
27 6 0.665099214769199
30 6 0.6827095271554711
32 6 0.600190503922478
38 6 0.5397877078874445
43 6 0.5967851019583312
47 6 0.8095267600873473
11 7 0.6086243113038989
26 7 0.5463639220177648
27 7 0.7891388133914106
32 7 0.6252390434808387
39 7 0.597330132951708
11 8 0.6462223498344707
14 8 0.5871395077101006
15 8 0.6344225003318706
16 8 0.9405303861604126
26 8 0.7443516917961983
27 8 0.5443279137308027
32 8 0.610868629927108
38 8 0.9964772964338298
41 8 0.845256107894989
11 9 0.6217320111005522
15 9 0.7615520994263352
16 9 0.7080663525357478
26 9 0.5541100719617835
27 9 0.7403653259903011
30 9 0.5026774730251657
9 31 0.6479502237180832
32 9 0.6312620104562601
35 9 0.7020655555580138
9 37 0.6111944437856927
38 9 0.5957750660172374
41 9 0.7306157180003396
11 10 0.5405101745660488
14 10 0.5327437182466026
15 10 0.6046487220073132
16 10 0.6999767145338827
10 21 0.5966255341094566
26 10 0.6340242624946817
27 10 0.641030636357909
30 10 0.5200074837982229
10 36 0.8894824083901383
36 10 0.5599364936023716
41 10 0.5236978254795241
43 10 0.6423311973008126
44 10 0.6373853593677942
47 10 0.5359970822010585
49 10 0.7191407502501124
11 12 0.5216155218162337
11 14 0.5950998693360405
14 11 0.518928924452131
11 15 0.5081569713835754
15 11 0.7332363410971477
11 16 0.5183031261230648
11 17 0.6665712064182796
11 18 0.6576483413567862
11 19 0.6023133383195922
11 20 0.5960982157146562
11 21 0.7422107361112278
11 22 0.6474223258652126
22 11 0.6228332136406678
11 23 0.5148212599491896
11 25 0.5562333510602645
26 11 0.5987721461211551
11 27 0.5188605222596543
27 11 0.8749965485567628
11 28 0.66210439505061
11 29 0.6497575852627788
11 30 0.6522804761887186
11 31 0.7701339182052519
11 33 0.7805502723367923
11 34 0.5155215777609741
34 11 0.5772558584738428
11 35 0.5661976651488367
11 36 0.540698239338611
11 37 0.6016454189969054
11 38 0.5807565946400758
38 11 0.5615489773739006
11 39 0.555032621115892
11 40 0.553944759919109
11 41 0.5180737267646014
41 11 0.5083952146839232
11 42 0.8129230931836873
11 44 0.5013912022115046
11 45 0.7093361094022193
11 47 0.7687461336095153
11 48 0.6744647449071075
14 12 0.6168755017439777
15 12 0.643818600429724
12 16 0.6083509115743422
12 19 0.6248973653955636
12 22 0.7952311482213748
26 12 0.5699569087420518
27 12 0.5880844516337456
29 12 0.7333968619283318
30 12 0.5282956643202172
12 31 0.5099409657116281
33 12 0.8896687449754535
39 12 0.6894491158245541
41 12 0.5825944068583611
14 13 0.6690289058054582
15 13 0.5997420324760095
26 13 0.5474373072341719
27 13 0.697928631262474
30 13 0.5871708272055154
32 13 0.5462071452015748
38 13 0.5636289703715054
44 13 0.521819846948369
47 13 0.6583757125330416
14 15 0.5225892069343927
15 14 0.9459760439764513
14 16 0.646396499994189
16 14 0.5494600167659662
14 17 0.9830636517237707
14 18 0.5896365254018872
14 20 0.6995069931820256
14 21 0.6896666417038392
14 22 0.6616914907110799
22 14 0.6066729344561537
14 23 0.5837163484361723
14 24 0.5434390173142767
14 25 0.773222774876448
14 26 0.5342622332737953
26 14 0.5641091297067231
14 27 0.6619489989946764
14 28 0.6174282798020261
14 29 0.6234695167704687
14 30 0.6417508142842768
14 31 0.5818792618275824
14 32 0.557755287531229
14 33 0.7360345638638819
33 14 0.5657201061177624
14 35 0.8091717195016248
14 36 0.6125343190165569
14 37 0.6733087707209805
14 39 0.5906888840283776
39 14 0.7578084990710665
14 40 0.6451968930970857
14 41 0.6586439856324978
14 42 0.5175426484297672
14 43 0.5147255034491156
14 44 0.6226334437193848
44 14 0.6352148519596665
14 45 0.8155586090141864
14 46 0.5349283044778146
14 47 0.794067635339821
14 48 0.7077774676879569
14 49 0.5353752765615443
15 16 0.60209306446583
15 17 0.6991636985018121
15 18 0.6551234873891136
15 19 0.8606001366039845
15 20 0.5095683187253116
15 21 0.5626419379857219
21 15 0.5747115112859837
15 22 0.6036511089354218
15 23 0.8143918879564244
15 25 0.5152374540746543
15 26 0.6080051511339223
26 15 0.5319193529130759
15 27 0.590464269114177
27 15 0.7564547492090261
15 28 0.5773480500389851
15 29 0.5804385805292493
29 15 0.7712632405153073
15 30 0.6394594778643814
30 15 0.508962826302076
15 31 0.6506678609485381
15 32 0.5470399854785327
32 15 0.5985557309423903
15 33 0.5694301643151968
15 34 0.6153172483295074
34 15 0.5282345620009776
15 35 0.5994870694292327
15 36 0.5915165453594329
15 37 0.6946732868784228
15 38 0.6600534974201768
15 39 0.5275525403335692
15 41 0.6922744648377676
15 42 0.5373750826517578
15 43 0.6449810375068589
43 15 0.7951822272398701
15 44 0.6653527091975472
15 45 0.6273603368971233
15 47 0.5913965693464569
15 49 0.5255624227675311
16 22 0.6224061680898185
26 16 0.5554470747210022
16 28 0.6465020714631906
32 16 0.5169777386934743
16 33 0.7438675430324333
16 37 0.5225560723374274
39 16 0.9046547176834019
16 41 0.5115793434030038
42 16 0.5115840285512057
16 44 0.70925060838149
16 47 0.5008085792894845
21 17 0.723193693639909
26 17 0.6351843365988084
29 17 0.5868126740573818
32 17 0.7145102976717654
39 17 0.5111101000132894
49 17 0.8671729498713114
26 18 0.5816212421420797
27 18 0.7198788686809512
32 18 0.5905131573167425
33 18 0.6391473090028452
34 18 0.7272396263865919
38 18 0.5428320603682777
21 19 0.6804913394073384
26 19 0.698453668039274
29 19 0.5912986059248277
32 19 0.5287730865593889
38 19 0.5323729764150276
43 19 0.5390136292610053
26 20 0.6013528837272295
27 20 0.5193996808348693
29 20 0.556520120551852
32 20 0.5975295950059529
33 20 0.5718248781846715
38 20 0.704577994712646
47 20 0.7994392108365151
21 22 0.5494969220745709
26 21 0.7147417864972566
27 21 0.5119485176797198
21 29 0.5787698570471334
29 21 0.5715195842895012
30 21 0.6275452341680772
21 31 0.6853035994925344
21 34 0.6106516210020838
21 35 0.5539357199124626
38 21 0.6990583336651979
39 21 0.512990792998546
21 41 0.5950850350697079
41 21 0.5757859028838643
21 42 0.7399209839911662
21 47 0.5427023434897136
47 21 0.5100843557279298
21 48 0.6923104383540384
21 49 0.8037120434783471
26 22 0.5922556072098029
30 22 0.6418179910548143
32 22 0.5330356300295432
44 22 0.58525911023418
22 47 0.627610175477733
23 24 0.6778196974270503
26 23 0.6732251122777824
27 23 0.5600272417543553
30 23 0.5724605719427045
41 23 0.8086862340868921
47 23 0.6182820604534509
26 24 0.7059823374199864
27 24 0.8915823619305325
29 24 0.5248442347426221
26 25 0.5476288928035672
27 25 0.525337102339938
32 25 0.5761340501081276
25 37 0.637016825327468
26 27 0.5289143043847759
26 28 0.62730091817282
26 29 0.6167767258594685
29 26 0.504667906681104
26 30 0.6776526989338029
26 31 0.6619985837755966
26 32 0.6576780068225959
26 33 0.7092001011096672
26 34 0.6833119063551416
34 26 0.5507115259262623
26 35 0.666443897544253
26 36 0.6692032404171736
26 37 0.8574866888373345
26 38 0.6694990049029291
38 26 0.5339294304504398
26 39 0.599656841431816
26 40 0.7225903802437987
26 41 0.6180681043550775
26 42 0.6425080015677618
26 43 0.6008092239708569
26 44 0.6431739756939934
26 45 0.5800322503966535
26 46 0.5737999253901503
26 47 0.6508271787474176
26 49 0.5717327016443746
27 29 0.5125223689421246
27 30 0.6973124386585711
30 27 0.5213960523116796
27 31 0.579312883094935
27 32 0.6314968366334477
32 27 0.9356046394860755
27 33 0.5367864510788827
27 34 0.6701527453129132
27 35 0.5539114809259591
27 36 0.7642007575283754
27 37 0.6851864342834667
27 38 0.7612669051864475
27 39 0.5847431916713928
27 40 0.5288306465220582
41 27 0.5535487231859518
27 42 0.5539633427755049
27 43 0.9797881645538169
27 44 0.7390110865017481
27 45 0.5644260689938279
27 47 0.7060752673655207
27 48 0.5182940410303863
27 49 0.7579309593300156
30 28 0.5986148885702886
32 28 0.60635061407298
28 35 0.7471858554325921
38 28 0.5693704484179865
47 28 0.7702719010875556
29 30 0.6553714621113176
30 29 0.6647789414288959
32 29 0.6662355023999641
29 34 0.5687407507376581
34 29 0.5148517338241267
40 29 0.6652257812954732
29 41 0.6090562433736959
29 42 0.5412476017022996
29 43 0.6750322434563258
43 29 0.5712497459597539
44 29 0.5169741364834941
47 29 0.6135319913318588
30 32 0.5154075268307428
32 30 0.5114545293147184
33 30 0.6104678743046561
30 34 0.6398352481636593
34 30 0.5970908170139031
38 30 0.6067555827799955
30 39 0.7249927265448626
30 43 0.528953053227174
30 47 0.5705845487691947
32 31 0.6322253068928713
38 31 0.6094160344689177
41 31 0.7052849595160611
32 33 0.6582409981552803
32 34 0.5440429963548064
35 32 0.6510321693911101
32 37 0.5244674580076358
32 38 0.8422705340794809
38 32 0.602585419978384
32 39 0.5507600547319633
32 40 0.5629370249474457
32 41 0.6743748290698957
32 42 0.5329657105330303
43 32 0.5004198100543027
32 44 0.6446098063278491
32 48 0.620677308131151
33 34 0.6308995173681639
35 33 0.553092362803737
41 33 0.5677600028939562
42 33 0.5756377821700964
33 45 0.711917839151399
33 46 0.5545033703848279
47 33 0.6233964523642419
33 48 0.5795415533617252
34 35 0.558533945570874
34 36 0.6398113897808344
38 34 0.5000363945184796
34 46 0.7021247548860123
35 37 0.5586773492601889
35 39 0.5580922608253267
39 35 0.5247037684234523
44 35 0.7066849215425917
35 45 0.6308634809608857
35 48 0.6255556567196965
38 36 0.570026950467809
36 39 0.6087468634701698
47 36 0.748610974277673
38 37 0.539587058899439
49 37 0.9199058272514335
38 40 0.5815167097937881
38 41 0.6206250825120676
41 38 0.5722860540098051
38 43 0.6016034726909282
38 44 0.5428890413804593
38 49 0.6253695303215114
41 39 0.6821749185595751
43 39 0.9232978134370653
39 44 0.7258054207864411
39 45 0.6912279266817525
39 47 0.674199123536982
49 40 0.9856123779694324
41 43 0.7151587641535457
41 46 0.5179536812973293
41 47 0.5084256254822714
41 48 0.530609971859592
43 42 0.5056739233828198
42 49 0.9031948127768936
43 44 0.672818016734386
44 43 0.6345774646015876
43 45 0.7726654802641479
43 47 0.5865969103092428
43 48 0.7285567064284975
2
0 6 0.5084015176163572
18 0 0.685978166922306
0 23 0.8597992853544667
28 0 0.6225077473986107
30 0 0.5734333956573168
32 0 0.8848493620980462
39 0 0.577455905739106
44 0 0.6558876334309287
0 45 0.6828516870185372
45 0 0.5703102449262607
47 0 0.6383727441358267
48 0 0.5525169836710037
8 1 0.5505532496431311
9 1 0.608052296167048
25 1 0.8034852123412275
28 1 0.5139865614221473
35 1 0.5322648681436053
36 1 0.6923274262806716
44 1 0.8977782419560276
49 1 0.631557364664868
17 2 0.5405732731733257
18 2 0.5188433504250254
24 2 0.5502115812268853
25 2 0.5516902102353052
28 2 0.7871135815570323
31 2 0.5722935485667764
36 2 0.566345068378183
39 2 0.6186640641227383
44 2 0.7092361293764522
48 2 0.5610757606815276
5 3 0.5131555615665588
8 3 0.5598185899468308
11 3 0.5282179120736372
18 3 0.7720432913896172
28 3 0.5513464005396773
44 3 0.814105379922561
48 3 0.548760572727476
49 3 0.6908261089674275
4 6 0.6644127814370753
4 7 0.5180444467991578
9 4 0.5793035539251894
11 4 0.5156507837955788
4 16 0.6377295979113076
18 4 0.5763481592004474
30 4 0.5427203217454051
4 35 0.624631367570901
35 4 0.8652807907894939
4 36 0.625288305355272
4 37 0.8927436407131495
4 39 0.8800364654999699
4 40 0.7228978627390046
4 42 0.5507593129682214
4 44 0.501405403775613
48 4 0.5070224846245135
5 7 0.9764957403095267
9 5 0.6124003432299179
5 19 0.5200727654685635
5 24 0.5203415104969908
5 27 0.5851444331127684
28 5 0.5978783978180301
31 5 0.5343875632500761
5 34 0.5821474794392607
35 5 0.7151917398507206
36 5 0.6194952864851611
5 39 0.8742654265638308
5 41 0.5494454023212942
5 42 0.5051288961776002
5 43 0.6079891007288696
5 45 0.5161070979705591
46 5 0.5310120267774958
48 5 0.5138327236742635
16 6 0.6540945657888143
17 6 0.9827704385217659
18 6 0.5765308319247677
28 6 0.5946688000518976
32 6 0.8029336551251063
6 35 0.5649823063039767
35 6 0.5324951110776126
39 6 0.6744538172778233
48 6 0.5429540325209379
11 7 0.5495482263665008
16 7 0.6160119356315913
18 7 0.5836518943398581
32 7 0.5756437880815316
35 7 0.6406891843923586
36 7 0.7755175700550747
7 38 0.5469327086912079
39 7 0.67828625288756
8 13 0.567055952231851
8 16 0.5424880661952127
16 8 0.6101026475200184
8 24 0.543467242393229
24 8 0.5786755793520735
25 8 0.5901545083163335
8 29 0.835972679644972
8 35 0.7844064901669243
36 8 0.5706679067650987
8 40 0.7596636455348242
8 44 0.6065724088720408
44 8 0.5022328198554522
48 8 0.7293428412831762
9 13 0.8156344617167264
17 9 0.5649431034374284
18 9 0.7965218387264974
9 25 0.6582269799963367
9 26 0.5682303712445074
27 9 0.9574498445043385
28 9 0.5225338007306024
9 29 0.6550039505464589
32 9 0.610339726417454
9 35 0.5102833368654203
9 37 0.5070605502747325
9 42 0.7025635399322219
42 9 0.5576677538964459
46 9 0.5744001053932637
47 9 0.5599960261836419
48 9 0.503111035487801
49 9 0.6134971364588484
16 10 0.5201283615787862
18 10 0.9631998842929996
10 19 0.5433915150826107
24 10 0.5462790359734657
27 10 0.5103161820326472
28 10 0.6410319972761026
32 10 0.7026443652496609
36 10 0.575912064948751
39 10 0.5316637901075385
46 10 0.5313125914948806
49 10 0.6890415091952341
16 11 0.6010618662561684
18 11 0.5097947733429107
11 19 0.6157012777963928
19 11 0.5592095415757601
11 20 0.5117537988362748
21 11 0.7991856173319787
11 23 0.6643751003451055
28 11 0.55205954633554
11 32 0.5011316560440344
32 11 0.6779389657646734
34 11 0.8104854713984984
11 36 0.657295562759121
36 11 0.6451151639329816
11 37 0.5240372166850515
39 11 0.6634824691987184
11 40 0.5319597273957221
11 41 0.6304235481647156
11 42 0.5224033458839719
44 11 0.603703270600245
46 11 0.7998963797342978
47 11 0.7499004411183943
48 11 0.5129950899663902
13 12 0.5280832439667005
18 12 0.7140431294078071
12 19 0.7212371110085853
28 12 0.6012694857078911
12 30 0.5248129247281061
34 12 0.553701368114611
39 12 0.8071731141061607
12 42 0.6435691338958749
12 47 0.6077854014050963
18 13 0.590474862147748
24 13 0.6564398732051893
25 13 0.5779917455569263
13 26 0.50817604405198
28 13 0.7164606175246577
31 13 0.7290546596753867
35 13 0.6379055303022363
13 36 0.5758708848448424
13 48 0.7200235831762105
48 13 0.5229164979748508
21 14 0.5211829061196827
25 14 0.5441219705760538
32 14 0.6208509679811074
35 14 0.8337857991981947
45 14 0.549884883109585
46 14 0.5709168668713467
48 14 0.6154184934813078
49 14 0.5340790736607228
18 15 0.6158741524969014
25 15 0.6454514076238391
28 15 0.6323249822996034
32 15 0.6403690477064949
33 15 0.5006035871131906
39 15 0.54446337094616
44 15 0.622824615895579
48 15 0.6723208910164936
18 16 0.6880996152378708
16 20 0.6966795890413277
16 21 0.6396547905017508
16 23 0.5359670444320306
16 24 0.6644630415511661
16 25 0.7286395812623074
28 16 0.5829635947418719
16 30 0.5045077895058503
16 31 0.5543680792469785
31 16 0.7448447149517288
16 32 0.7549691100987652
32 16 0.5605520223771665
16 34 0.5186877436348596
36 16 0.6499698400775173
39 16 0.6258715416473123
16 43 0.5906751249595972
16 45 0.5050806539826502
16 46 0.599826017147548
49 16 0.5647524094499069
18 17 0.6563969393992133
30 17 0.5753180169841938
31 17 0.5923742770669864
32 17 0.5797088386908534
35 17 0.5798132778908014
36 17 0.5222086074580736
39 17 0.6333532479238294
46 17 0.5524005908237242
17 49 0.8363820089837342
49 17 0.7986426430672926
18 19 0.6320280021362819
18 20 0.6023768412316257
18 21 0.5618409914796778
18 22 0.5895829848781051
18 23 0.7488485414145609
18 24 0.6387048933608424
25 18 0.6602508653908283
18 28 0.5041477318357441
28 18 0.7124313423701616
18 30 0.562077576936922
18 31 0.5257366549426186
18 32 0.7287803958498382
32 18 0.5414475402298236
18 34 0.5882440470064447
18 41 0.7138909283024311
18 42 0.643701997514622
18 43 0.7644818774283269
18 47 0.7048441262443735
18 48 0.6277222593709358
48 18 0.7557210381575901
18 49 0.6104724871240241
49 18 0.525664373757724
31 19 0.7995279953670116
19 34 0.5846200342891397
36 19 0.5141658773883424
39 19 0.6655917625684389
42 19 0.5486412377221495
48 19 0.7779759817431784
20 25 0.5708253744360063
28 20 0.5658707488140944
29 20 0.5343618529321847
20 32 0.5323479341383868
20 33 0.5673370930532597
34 20 0.5104924950677492
39 20 0.5628529441747806
44 20 0.6555985625099552
47 20 0.5980094749571072
28 21 0.5395234319673514
32 21 0.7040520395947979
21 34 0.5105695603768257
35 21 0.5789325616318566
36 21 0.6567278514328585
44 21 0.6392020755162514
21 47 0.6269338228181656
47 21 0.5610668838487269
48 21 0.6183861338383643
21 49 0.7523171233949983
31 22 0.8167046063621832
32 22 0.6890931228847845
36 22 0.5428258964586479
39 22 0.6470333213741224
22 40 0.6912989341117259
22 43 0.7558707573018775
22 48 0.5068914896528636
48 22 0.5864757400313341
22 49 0.5635944808094162
24 23 0.9117567789662435
28 23 0.5508516688907786
32 23 0.5964514157519001
47 23 0.645100064344412
24 26 0.5173903722099067
27 24 0.6210456037095944
24 28 0.6947360480725642
31 24 0.5165678895557844
24 35 0.5585610405399213
39 24 0.5210739475148187
24 42 0.505936528140084
24 43 0.5069411894777103
24 45 0.664714554653629
24 46 0.5174769388016827
48 24 0.867883252917663
49 24 0.6104465619649425
25 26 0.5738765281468241
25 27 0.522588165384978
28 25 0.6217704816486915
25 30 0.6530688413302441
25 32 0.9487358119978135
25 33 0.5415445959100205
25 34 0.5339093936188655
25 35 0.5996832754602304
35 25 0.9312652137198025
25 38 0.5442470657927265
25 39 0.8339551923731747
39 25 0.5115465489805457
46 25 0.6361471024378929
48 25 0.6538099203243488
26 27 0.690038588827899
28 26 0.7567272589952978
31 26 0.7780498484190475
43 26 0.5099714139900864
44 26 0.5215387075511408
48 26 0.5801211495460514
28 27 0.6603331112020648
27 29 0.6674899927391547
27 33 0.5799748402879765
35 27 0.5242192296564236
36 27 0.6502768959510997
27 40 0.8868701492592583
27 43 0.6449408013696951
49 27 0.9403602318617432
28 30 0.644074254165475
30 28 0.544439830097116
28 32 0.5137777687040358
32 28 0.6192475913116495
28 33 0.5421121919254248
28 34 0.54162791061884
34 28 0.5024822498265489
28 35 0.5678194763960042
28 37 0.5808375959878569
39 28 0.6374878119936814
28 40 0.5370044766248077
28 41 0.5262998153560403
28 43 0.6553728548770366
44 28 0.5122455231154117
28 45 0.8628065890483625
28 46 0.5066835281767437
47 28 0.5005580132557288
28 48 0.7176133269761653
48 28 0.7097296434273297
49 28 0.8484131378518942
29 30 0.9135167353634317
32 29 0.6557788656288978
29 34 0.5293584391749413
39 29 0.6425142704501732
46 29 0.7925542690809584
48 29 0.5401639930810713
31 30 0.532695952573464
32 30 0.5674071169759611
30 34 0.531705874936965
30 36 0.5956817846117066
36 30 0.5665510126008146
30 46 0.8955783364455709
31 34 0.6196513124490408
31 36 0.6812666593988532
31 37 0.7434831091434841
39 31 0.558701353785765
31 41 0.5211362460254445
31 45 0.7574115229823466
47 31 0.6015460923849567
48 31 0.5319026120664843
31 49 0.8743820006363932
32 33 0.6224429624447554
32 34 0.5024183442476711
32 35 0.778052573292109
35 32 0.5001212477124934
36 32 0.5489639044171545
39 32 0.6775867610881016
32 40 0.7838578511076761
32 41 0.6614057259420467
32 42 0.5244259654742378
32 43 0.7983950805822848
32 46 0.572317150578961
48 32 0.7539228143849793
32 49 0.6077201666129853
36 33 0.6126035681435675
48 33 0.5806183277232317
34 35 0.6037426262939201
36 34 0.5881635377951598
44 34 0.5737125994990788
34 46 0.5551073394814541
46 34 0.6535842709187156
48 34 0.7679165015913221
49 34 0.5762231580336123
35 36 0.5053089324436837
39 35 0.6094633827071717
35 41 0.7556016530128038
35 42 0.5195292264592468
44 35 0.5300414833689213
46 35 0.6015276420079398
35 47 0.5714184916253878
35 48 0.5882205498348698
48 35 0.6059318077799913
49 35 0.5222617430252052
36 39 0.5146728874020234
36 41 0.6975844121060683
36 43 0.7520906715896363
44 36 0.550346741881397
36 45 0.5854367090764081
36 47 0.7413977196211043
36 48 0.6130445275521474
36 49 0.881278230041953
39 37 0.9471626550775784
48 37 0.505790950677698
39 38 0.5577775300911904
45 38 0.5109743638950608
48 38 0.6177179694870731
39 40 0.5576177323504259
39 41 0.529512186469879
39 43 0.5820272325828053
39 44 0.6062382705105863
48 39 0.6037957912893459
42 40 0.5592322312669034
44 40 0.7627469681997738
48 40 0.8952948400206104
46 41 0.8014531042772557
48 41 0.581811662840199
49 41 0.5402505774240836
44 42 0.5084909175635519
42 46 0.9112997840280141
42 49 0.5060949211834536
44 43 0.6288302420545335
48 43 0.5709221788068612
44 45 0.8951926027976302
48 44 0.5700848204930824
44 49 0.8927148233150981
48 45 0.567977731951574
49 45 0.6532648865941817
48 46 0.8590483169750693
49 46 0.5180214183913596
48 47 0.5242945621208059
47 49 0.6880057897050929
49 47 0.6111489144756517
48 49 0.9947673237608978
3
0 3 0.6952912397993052
0 5 0.8133917227851504
0 7 0.6236513829045511
0 10 0.7134177807663575
0 14 0.5203424703476736
0 18 0.6752122950860635
0 20 0.5069943285468661
0 21 0.5423505391134329
0 24 0.6241449844804308
0 25 0.7649333277998269
0 26 0.5957806040364049
0 29 0.6681805939120193
0 32 0.7820990228898428
0 33 0.529612283730198
0 34 0.5466893230726466
0 35 0.6347508710261354
0 36 0.5176339559704493
0 39 0.5942053920069608
41 0 0.5327066100579287
0 43 0.5501983249354784
0 45 0.6796001788130426
0 46 0.5011745291346439
0 49 0.5998630669286176
22 1 0.540046708738473
31 1 0.5156528757227374
2 13 0.5833131308220167
14 2 0.5001291358753788
31 2 0.6089206580851616
14 3 0.5406341074078929
15 3 0.757767715905836
31 3 0.6038339399647445
39 3 0.529186711659289
40 3 0.8575066481455682
41 3 0.9110656751693849
22 4 0.5230488263451427
41 4 0.5035429928219533
46 4 0.7476371527698438
7 5 0.5001053539992917
9 5 0.6685286926535248
28 5 0.6964357856865828
44 5 0.7261054604407641
49 5 0.5101177421842567
14 6 0.6235347423688311
15 6 0.5925267242954182
39 6 0.6514440502098731
7 9 0.7244018206246922
7 11 0.7577117879767866
7 12 0.5911939502941728
7 13 0.5342179840697945
7 15 0.597881127890034
7 18 0.5586358700322822
7 22 0.5943604712532977
22 7 0.5241509471004813
7 23 0.578169089462138
7 24 0.5734298551286756
7 25 0.6766721458568665
7 26 0.7149325501586647
28 7 0.511349748477052
7 31 0.8253008720630974
7 33 0.5342474107178585
7 35 0.6004265627742518
39 7 0.6427289662892
7 40 0.7046863428070606
40 7 0.5707122114868675
41 7 0.5433398729252172
7 44 0.6910601712143658
7 47 0.6833966634251555
8 11 0.5206593304809186
15 8 0.5875348936404932
8 20 0.9621142494842605
8 29 0.7214478086228746
8 47 0.6311327914286966
8 49 0.6211235321784161
15 9 0.5512659848814838
21 9 0.6015435953218786
22 9 0.7021513962916446
9 25 0.5066620110067188
9 34 0.6697600342699142
9 35 0.5208711946213467
39 9 0.5104255065095467
44 9 0.6572223628633063
47 9 0.586399676961046
29 10 0.8451123420593414
43 10 0.6547296083970784
13 11 0.8287988184740798
15 11 0.8239793460955528
22 11 0.6166506809182417
41 11 0.509123613956507
12 16 0.6114561582233706
31 12 0.5765329717124769
40 12 0.6480093732882128
41 12 0.5801881767220447
16 13 0.5230527392274769
17 13 0.7719256201654627
13 33 0.5740877194876708
35 13 0.8209199152008055
37 13 0.5225831563864836
13 38 0.5706315068216674
13 39 0.9584455446220468
41 13 0.5768071054415597
13 43 0.7749999560465008
44 13 0.6341247495035455
13 49 0.5350409146406607
14 19 0.5197456321738461
14 27 0.5469751276048127
28 14 0.5399113097909296
14 29 0.5155566896295158
14 33 0.7378084651800834
35 14 0.6137662391924066
39 14 0.751740556234638
14 41 0.5641125110976581
41 14 0.6140090682309927
14 49 0.9013559363414914
49 14 0.6490563806329606
15 18 0.6454807913127023
15 19 0.5068349725091541
15 23 0.524790826808675
15 24 0.8048183461605132
32 15 0.7422856771406765
15 33 0.6369940595361856
35 15 0.6221275225659724
15 37 0.6782157214865805
15 40 0.5248955085912936
40 15 0.5712731619157778
15 43 0.5782250683985395
15 45 0.5144866725311628
15 48 0.7816098140736618
16 21 0.5789732726736353
16 27 0.5638709761794494
28 16 0.5340618506052448
16 31 0.500711578520131
33 16 0.6105843975850267
16 36 0.5954055891115375
16 43 0.5528827983439983
49 16 0.7709304203898237
17 18 0.704132173239302
28 17 0.7550494084995438
31 17 0.6557710656167555
40 17 0.5217972445532648
41 17 0.5818391436240118
22 18 0.8391473264831781
41 18 0.5466211395501572
49 18 0.9966075167853721
41 19 0.6998231715630957
43 19 0.8676610033009222
28 20 0.8216962782668973
31 20 0.5436678827351844
43 20 0.5239648917268556
44 20 0.5154705448118402
47 20 0.5534478976295176
21 36 0.714936787098231
37 21 0.5103604940337911
39 21 0.7082626487349948
22 24 0.5045019284077663
22 33 0.514269152230006
40 23 0.6930339207201965
41 23 0.6335272456393646
47 23 0.6495728677120698
43 24 0.8301060574440531
47 24 0.5479122231346836
31 25 0.5405138155087144
25 36 0.53561414776116
44 25 0.5845500419362513
39 26 0.5751583819632815
41 26 0.5984562852274744
28 27 0.5021713899902114
39 27 0.6168330626759622
41 27 0.5267902933814541
44 27 0.5355067728386809
31 28 0.9003334680946076
28 33 0.5234175914043666
34 28 0.6469070792727634
36 28 0.7265748851423521
39 28 0.6661768877460641
28 40 0.5333583684154277
41 28 0.733827762307339
28 44 0.5078849135702073
31 29 0.5705158938671242
29 41 0.9167594059285289
41 29 0.5685736145451048
44 29 0.6202352575611562
46 29 0.5820758972955462
29 47 0.6205717562408064
39 30 0.8330394817480893
44 30 0.6369996771049514
31 32 0.744987262587659
31 35 0.5222544800434288
31 39 0.5142338040079247
40 31 0.5755925103876249
41 31 0.5823368550385314
31 49 0.8934803699575922
33 32 0.5482062389103517
39 32 0.7025703738138853
42 32 0.7402160937679658
44 32 0.7883164730736987
32 46 0.5022037916388777
33 35 0.8906773434379998
39 33 0.5500658816697696
41 33 0.5542843136386428
44 35 0.5014329500545611
36 37 0.600096622979023
41 36 0.5302784018131965
37 39 0.8369518803274703
46 37 0.5838824316541413
41 39 0.6084852990417451
39 46 0.6056912362973925
49 39 0.7553502743303566
40 41 0.5689719452968569
40 49 0.7102881583570799
41 44 0.6970089193964188
41 45 0.6487307361936603
41 46 0.6726734420674945
41 49 0.5352615891603969
42 49 0.6942053198544718
44 46 0.7281529686319259
49 47 0.6530981185655715
4
10 0 0.5390996939717791
15 0 0.5457868450127308
0 20 0.833140767138622
0 22 0.5305760115573352
24 0 0.61179551214429
28 0 0.5103645535773227
0 33 0.8493361283710996
37 0 0.5379668555631159
48 0 0.6188199218865311
10 1 0.6057145282527654
15 1 0.6596675051119604
20 1 0.653592811588021
22 1 0.6451533339947328
24 1 0.5518885080182686
30 1 0.5217149520140283
33 1 0.5680694954911061
36 1 0.614640925183044
1 45 0.5974010863096582
6 2 0.645037461058199
2 10 0.5645844126317792
15 2 0.9296407282726262
2 17 0.9399197758723206
22 2 0.5732496379768479
2 25 0.8318853891493472
28 2 0.5485170237216201
40 2 0.5807823639620386
9 3 0.654369914508665
10 3 0.5593772483923269
3 11 0.7796986000419686
15 3 0.6723141290326045
18 3 0.5294810505914969
3 20 0.537347080514929
22 3 0.7613336634986408
40 3 0.7842421370106283
3 45 0.592782175941925
48 3 0.5073890407325257
3 49 0.6380720252108694
6 4 0.5131142585409947
9 4 0.7230401724583297
10 4 0.746303509473505
12 4 0.5687871943311578
15 4 0.5249506163807618
40 4 0.6682541775294437
6 5 0.5470479233987338
15 5 0.5811631738169063
5 18 0.5177371115266081
5 22 0.5493402833691856
30 5 0.7314234839795257
5 34 0.755844708775659
40 5 0.5361128509352331
49 5 0.7610152308707274
6 7 0.588919099851015
7 6 0.5782055832970991
6 9 0.5565293197616943
6 10 0.5338712123866807
6 11 0.704099806699719
6 12 0.5048087538077524
6 22 0.8010313270760929
6 33 0.6553010218472373
33 6 0.525631379115274
6 40 0.5140592217011726
6 46 0.6360806871017513
6 48 0.5384199688965146
10 7 0.5527795903379422
15 7 0.6915420800347178
7 16 0.5202158237080066
16 7 0.5311079267745372
7 18 0.6700749227885332
7 22 0.5447413450924342
7 23 0.566336343696541
7 24 0.5003924719513924
7 25 0.7172975192084659
7 26 0.5991757703851714
7 28 0.6335318030166222
7 36 0.8945052175893076
7 39 0.6696664630251534
7 40 0.5242915107305417
40 7 0.5378856191742651
7 43 0.6578027934935058
7 44 0.6692282598394454
7 46 0.6000051400453217
7 48 0.8510969149319898
9 8 0.6481927327473123
10 8 0.564275868620238
12 8 0.5952934286316733
16 8 0.6246073797642342
22 8 0.5920937813251859
33 8 0.5100229684561071
40 8 0.5614125293413779
9 10 0.5642729081493119
15 9 0.5624665373948041
9 19 0.7283925881533304
20 9 0.7798923320160063
9 24 0.7604095124145096
9 25 0.5243842286060469
30 9 0.7490348142004428
9 36 0.534439499507221
9 47 0.6722578503330894
9 48 0.6226360392076733
10 11 0.6344291487296535
12 10 0.5248484891742289
10 13 0.5760829963157537
10 14 0.5738868512633297
10 19 0.6135220424805223
10 22 0.5698119283817487
10 25 0.5630761066082292
10 33 0.7784085498201851
10 34 0.5589698211562357
10 37 0.5497052752173381
37 10 0.7470092953460898
40 10 0.6399019055945179
10 42 0.8251141074452765
10 44 0.5942517845160105
10 45 0.5105385637920177
10 46 0.7258098765395715
10 48 0.558681354305085
15 11 0.5291925193649325
16 11 0.5592225291166213
36 11 0.6167928278570117
37 11 0.7251590060141644
45 11 0.9160299889962784
15 12 0.5735848389632796
12 18 0.7189471678679795
12 19 0.6345141091833815
20 12 0.5453631355002071
12 21 0.6076701094097324
22 12 0.604965081338996
12 23 0.5778987743922719
12 24 0.654846929094343
25 12 0.5516240441608569
12 29 0.6044919817216035
12 31 0.6857281391787748
12 33 0.6200682625172961
12 44 0.6037160881501009
12 45 0.5267518677455958
12 47 0.5790320716769755
12 48 0.5423297678892833
15 13 0.792812498131884
18 13 0.6558373867219651
20 13 0.5066699547168547
23 13 0.8057432116150298
33 13 0.5033190378400105
48 13 0.5978999364115665
15 14 0.7657279641122192
16 14 0.5753815625858267
28 14 0.5268942669432795
36 14 0.7229802600169983
40 14 0.7416898312166829
16 15 0.551743038911368
15 23 0.8395554612423597
24 15 0.5410261690728198
15 26 0.5722725210821407
15 32 0.5519404864285531
32 15 0.5332242432713912
15 33 0.5138518952629823
33 15 0.687380600535652
15 37 0.6024986262598867
40 15 0.7880130431419228
15 43 0.5273430109170456
45 15 0.5580805666407946
15 49 0.6477791546783916
16 17 0.5144944958968147
22 16 0.7799561345009867
16 29 0.5431274670939084
16 31 0.835134706783669
33 16 0.7769433418261178
16 38 0.7857725554382076
16 41 0.5254767335635244
16 42 0.5879811947405928
16 46 0.5433902005014417
16 49 0.7568072323068669
40 17 0.6759904395320198
20 18 0.5979991999338814
22 18 0.506683923347196
23 18 0.5740868245551374
24 18 0.6861256051906492
30 18 0.6259431858140605
18 34 0.5146393648440186
22 19 0.589132170909806
25 19 0.5294760968470451
26 19 0.5666942281581309
30 19 0.5455918927760086
22 20 0.9214936658508128
20 23 0.5865681849298103
20 24 0.5182935805605051
20 29 0.5253807348408674
20 34 0.6150221413966364
20 37 0.6785043796887174
40 20 0.8072793354358347
20 41 0.5928689927685276
20 42 0.5940427827853352
20 45 0.5235750556176049
22 21 0.8461802904047608
30 21 0.6691511447208465
31 21 0.6068533404201046
37 21 0.5188087739669875
40 21 0.7081603885643675
22 24 0.7826169219051783
24 22 0.5385249135931298
22 25 0.5197701675919442
22 26 0.6396650619921836
26 22 0.8650951671254581
22 29 0.5627929201525192
22 30 0.7284038498811984
22 36 0.5821965084435737
36 22 0.5440983852518653
22 38 0.594644124173112
22 39 0.5465647648535275
22 40 0.6321837858067414
40 22 0.5681642432390814
22 43 0.514174244744037
22 44 0.6228307163319509
22 45 0.544062538387519
46 22 0.5362491106171146
22 48 0.5596045277458177
24 23 0.7194557331670809
23 33 0.6407400175899933
26 24 0.636379775899458
24 33 0.9927643194822682
24 36 0.5490363797974258
36 24 0.5724721296120161
37 24 0.5163058854737377
24 44 0.6089424095163685
24 45 0.7704130159604514
45 24 0.8457395039484565
26 25 0.7892509367519511
25 31 0.5661517307729584
25 36 0.6859096604851431
25 40 0.6501163344269325
25 42 0.7272953555817792
26 31 0.5383565475637575
26 34 0.7744846120715552
26 36 0.5682728702771054
26 40 0.6965089446627146
40 26 0.5459278012108773
26 41 0.531311523990111
26 42 0.5917660115396113
26 45 0.6674616469826806
30 27 0.63210597707221
33 27 0.5141113813391511
34 28 0.6420697316531203
33 29 0.6812725490945717
36 29 0.6577917876362546
37 29 0.5415731238568089
40 29 0.7135519718699692
32 30 0.6510117240070066
30 36 0.8595368862457591
36 30 0.5402178554240831
30 37 0.5175432178909758
30 39 0.6601458779998203
30 40 0.9204258070320146
40 30 0.6388761963524274
30 41 0.5981208882750608
30 45 0.7786931722619129
30 48 0.8124332337415654
30 49 0.5298445047392546
36 31 0.6001681234989025
40 31 0.6185495943082163
36 32 0.7989625918625332
45 32 0.9789266861756039
40 33 0.6105531498650361
33 45 0.5704016232110196
33 46 0.8102654847624415
33 48 0.5312584919015195
48 33 0.7887494995762416
36 35 0.5739360707265595
37 35 0.5412789658031198
35 46 0.674205083752542
36 40 0.5818578147819669
36 43 0.581367806248217
36 45 0.7253856227811779
36 49 0.6807239300205528
37 39 0.6313888013965765
40 37 0.7413148321265831
37 42 0.617676221716754
47 37 0.699201416136219
37 49 0.6246979183210948
48 39 0.7349307448926492
40 42 0.5935280764410625
40 43 0.8846851318026157
40 44 0.5773850121972324
40 47 0.8964353288251907
49 41 0.503446833874557
47 42 0.7226175833609878
48 47 0.6011868062443879
