50
5
9.857517498835653 9.286970721384707 8.711845167283494 8.310449020739682 13.91741714714693 4.233246457776166 4.415670273218741 10.004323597628249 4.230284765923918 21.283883593218253 3.7859300341179107 17.273692182000854 10.799942001667421 6.43293224594637 6.984111928240283 2.3991823908095338 9.715735418243415 19.566209809809788 8.196999390229326 9.38735265710778 13.175180946218807 16.142246686262293 7.013050446363326 9.294700566096772 5.246380505948094 8.145205296486974 7.194145797686332 5.639760130308867 5.427123273334747 16.540198559546305 10.887356981536332 14.638253687220924 7.600998899359058 11.806141096189814 4.09532271633873 9.592844057002932 11.414684716507608 26.17612217271481 9.518118897648279 6.2770468248036195 7.252643134418813 14.759899079757 10.277631524338654 13.0012091497476 11.29270302421433 23.008427805375124 12.31370874876352 6.53478663539624 1.9998504367649257 4.940561902320672 
0
14 0 0.5173288122522952
18 0 0.5259076345683082
30 1 0.6016834613087334
9 2 0.7775585242833356
2 20 0.6629631711926356
23 2 0.5885788839885215
29 2 0.5361003180655362
2 35 0.5807199061320718
36 2 0.5033820024256732
2 37 0.5835655503992214
2 39 0.6449514212057734
31 3 0.5281878550682453
4 8 0.6098283716509301
4 31 0.5348771395124201
38 4 0.6785516532176679
4 40 0.5468872847144712
4 45 0.580074514931215
4 47 0.5703388696982574
44 5 0.7627269166210068
9 6 0.5974374593260872
17 6 0.5264061846586385
24 6 0.6028314255409126
43 6 0.5211847019406495
7 11 0.5414054641240895
20 7 0.848730143047441
7 26 0.7074859548159418
7 48 0.5106404045347261
18 8 0.6462523041124746
29 8 0.5955694610580615
30 8 0.6498525305901635
9 21 0.7769650757322033
9 36 0.5968381913753364
9 37 0.5051094430291998
9 44 0.6312104794020408
9 45 0.8736921140605438
9 48 0.540393082764816
11 31 0.6949285363275697
11 49 0.5974710504020262
29 12 0.885287536834648
43 12 0.5264824500950089
24 14 0.6118687081662446
14 40 0.5995274838171332
44 14 0.5086479210165404
29 15 0.5486715932180419
30 15 0.7180786669870876
17 16 0.9454593606926962
16 19 0.6700897116414652
28 16 0.6343672625855503
40 16 0.5265393417443014
44 16 0.9913799661250486
27 17 0.6140913958617684
36 17 0.630211821121383
17 37 0.5646007187016482
18 26 0.5449216729157147
44 18 0.7257089434800694
19 30 0.5282614058398658
20 25 0.5782324935097469
29 20 0.7049935820732962
44 20 0.5358931530543922
44 21 0.934553990224759
35 22 0.6281321596247069
25 23 0.5582154300574411
23 34 0.6269833289833684
43 23 0.9318187764885653
23 45 0.5406803069837072
24 32 0.5571396033270049
24 42 0.7576600855767959
25 47 0.54405907690802
41 28 0.5526500234687945
28 45 0.8581297522843561
29 30 0.691840776213039
36 29 0.7328056292195138
29 37 0.9128274681073674
29 40 0.8541909853937966
29 41 0.6292165269786973
29 42 0.5508922091571906
30 31 0.5551761446125458
30 35 0.8811312736761743
43 34 0.5759571977219138
41 38 0.7005538655503663
43 38 0.75248596390373
41 43 0.5201107556962554
43 45 0.6273084488821699
44 46 0.5426305176286559
49 47 0.589213712941199
1
4 0 0.5535933332625637
0 11 0.5091600767293452
12 0 0.6511313580300339
16 0 0.7989261369335603
17 0 0.5065631437847553
19 0 0.532535171806803
20 0 0.6175977210595816
21 0 0.5003184546601498
25 0 0.5046346009115104
33 0 0.5231722009933496
37 0 0.5896693160273958
45 0 0.7081582897583935
4 1 0.5456733658314421
12 1 0.6573087615800016
17 1 0.6099992367870976
19 1 0.5655395022962992
20 1 0.5228440266597771
23 1 0.6571987917592681
25 1 0.677678830005188
33 1 0.5555863774522389
37 1 0.581266708660792
40 1 0.5346450262477742
45 1 0.7077573481602863
47 1 0.6392069942126053
4 2 0.6227271190807417
8 2 0.5289763843439435
19 2 0.6590237371847206
21 2 0.520105818941393
23 2 0.7539421757507471
25 2 0.502670082547988
28 2 0.5354654158822763
33 2 0.5624248134781424
44 2 0.6407295409850142
45 2 0.6099731136883746
47 2 0.5129331569953359
4 3 0.6331251841433159
10 3 0.7573875528023393
12 3 0.7119792777943149
17 3 0.5255744214405014
3 18 0.5276972978801182
18 3 0.6189439130634156
19 3 0.6077595187342988
20 3 0.5233099371436194
21 3 0.5518324451180019
28 3 0.5594439043618331
31 3 0.6559145996791362
33 3 0.7261380911427741
37 3 0.5904324751400309
42 3 0.7036614690571228
45 3 0.6441821706907345
4 5 0.5672096398141997
4 6 0.7600045384465275
4 7 0.6050613489530634
4 8 0.6913707836832501
4 9 0.8141022985648048
4 11 0.5881195794967452
4 12 0.6736036292145351
12 4 0.5482560914649567
4 13 0.5914670673629185
4 14 0.6121831071677035
14 4 0.6476666440124309
4 15 0.6618732073137049
4 16 0.7950307607049678
4 17 0.5471941988753437
4 18 0.6717748719730516
4 19 0.5955536382795017
19 4 0.5756848704783982
20 4 0.7152109269956137
4 21 0.6936465831704932
4 22 0.5330191505788051
4 24 0.6240872132387204
4 25 0.8622974692493435
25 4 0.9241143426691649
4 26 0.7412988107773373
4 27 0.535276253220347
4 28 0.5797189261298058
28 4 0.5711348776898695
4 29 0.595609412856215
4 30 0.5754956303654493
4 31 0.7310336297410638
4 32 0.5365344969565599
4 33 0.6223883210516261
4 34 0.638216103134996
4 35 0.5447555490649376
4 37 0.6317570357909739
37 4 0.757129084394643
4 38 0.9865803339831105
4 39 0.5519247961252132
4 40 0.6345400744149602
4 41 0.6024273209531514
4 42 0.7080728742270046
42 4 0.71954731599201
4 43 0.7123719996722802
4 44 0.7085537962516805
44 4 0.6369253883938272
4 45 0.6385847766199994
45 4 0.5655759475358476
4 46 0.6122396021478416
4 47 0.5888445585138862
4 48 0.6575023555753045
4 49 0.6482390960474673
8 5 0.6390474001793369
10 5 0.6123611532851105
12 5 0.653738442677039
5 15 0.5851256961238331
17 5 0.6646274459937034
19 5 0.6255349657741831
5 20 0.6789698729143658
20 5 0.7076303974225713
5 22 0.7939963700694723
22 5 0.5398152038029844
5 24 0.511583150020086
5 25 0.610342686747795
25 5 0.5649689584200548
5 26 0.5906114857029638
5 28 0.7493722723987419
28 5 0.5882223492395742
33 5 0.7385363607542519
45 5 0.7580721433982334
49 5 0.79724847787638
7 6 0.6459334350605086
12 6 0.8472593823085917
19 6 0.6652053259103684
21 6 0.8055421222191417
22 6 0.6197007220808673
27 6 0.512314867226298
28 6 0.6258554437776203
33 6 0.589149399874349
44 6 0.6371503240263894
45 6 0.5194249079200814
7 8 0.5709671189403482
9 7 0.5258173318404564
10 7 0.6326069226661768
13 7 0.5584497838894649
7 16 0.6613400507283873
17 7 0.6745645229487915
7 18 0.5540163923996491
19 7 0.5984387986108256
7 20 0.5363757240277778
21 7 0.9456457465008483
23 7 0.5966041805245862
25 7 0.5527782536728931
26 7 0.980697516381327
30 7 0.522574485609635
31 7 0.5251148321567933
33 7 0.7966951006314078
7 36 0.6564525275404574
7 37 0.5248273768151506
7 40 0.747788188911743
7 44 0.5918942239672422
7 47 0.5112261021964184
12 8 0.5361273587590978
8 14 0.6875086212165782
19 8 0.6489598363807475
21 8 0.870526965068185
23 8 0.8486929999433839
8 25 0.9659885263212735
28 8 0.7367728423681379
29 8 0.6991400918007331
33 8 0.5786613448619011
8 39 0.7077323183507134
45 8 0.5529575078065507
8 46 0.5047717615736149
10 9 0.7949930928105531
9 15 0.5417564040195879
17 9 0.6352463909846866
9 18 0.5544828447556247
18 9 0.5152860370357504
19 9 0.6444821357068535
20 9 0.7881492179165965
9 21 0.6998523577536069
21 9 0.6103933827285257
23 9 0.6837378565798942
25 9 0.5317158692703504
26 9 0.6626535781720269
31 9 0.5172351969159532
9 33 0.6508632453401846
33 9 0.5440969822837102
9 39 0.5779274036132649
49 9 0.8726138272644997
10 12 0.7837325851346103
12 10 0.5455348702387497
14 10 0.5094191296007629
10 16 0.6046879881840419
17 10 0.9264765674683644
10 18 0.6149700248076364
19 10 0.6156858092533318
10 20 0.561904410636693
21 10 0.6620738060002422
23 10 0.6216678612484714
10 24 0.6266376625020926
10 25 0.6407459291798971
10 30 0.52393842372527
10 33 0.7027120631078709
33 10 0.6144221463241325
10 34 0.5144913953465282
10 36 0.5874278614655675
37 10 0.9529116087780478
10 41 0.7264320199395076
10 44 0.6701313446313475
10 46 0.598253700347331
12 11 0.5640187041497915
17 11 0.503994258606274
18 11 0.5713311476455643
19 11 0.5186822500496701
20 11 0.5544677198245849
21 11 0.6359435177158006
22 11 0.6414819237500227
23 11 0.5424727458123964
25 11 0.5059401216507016
33 11 0.7228809124737358
37 11 0.5265775091980374
45 11 0.622965066804423
47 11 0.6124214095312499
12 13 0.523118513269722
14 12 0.7145390582437554
12 16 0.6211194149407926
17 12 0.522129346176458
12 18 0.5609248682248168
12 19 0.5218891475725522
19 12 0.5938649557708515
21 12 0.8166580846417439
12 22 0.5016181648762923
12 25 0.6225136551862155
12 26 0.7991755650229777
28 12 0.5570748712335565
12 30 0.6022371047261642
31 12 0.5000931052561384
33 12 0.6720225749932186
12 35 0.5794470283245312
12 36 0.5380557636437955
12 37 0.708170804963534
37 12 0.7665935470899004
12 38 0.7986568819660242
12 40 0.5181383190489113
12 41 0.6288222421237397
12 43 0.6198087063568012
12 44 0.5407568717406124
44 12 0.6897761813548771
12 46 0.5171839186545808
12 48 0.5441784358252872
12 49 0.5621833515818793
17 13 0.6428593195357724
13 19 0.5344702079968828
19 13 0.5736634256512773
20 13 0.6385189962553577
21 13 0.5490695608353755
23 13 0.5357508870094756
25 13 0.5223404687828603
13 27 0.6663235485319798
29 13 0.6830021128914012
31 13 0.6762802276569306
33 13 0.6098787354565783
37 13 0.6998559791386327
45 13 0.5852946150590292
19 14 0.5392622807559599
20 14 0.5400067830180213
21 14 0.51257036471051
14 22 0.6964310408538013
23 14 0.5425192288274396
14 25 0.7951073507670773
14 29 0.577149108199247
31 14 0.5170445298125486
33 14 0.671556271454529
14 36 0.631976317012265
37 14 0.53456402019181
14 44 0.6562524171607986
14 45 0.6739635581796162
45 14 0.5362011816621262
14 46 0.5271773339674497
47 14 0.5495157046020722
14 49 0.6287347244885357
19 15 0.617466572278021
23 15 0.9742689710064911
25 15 0.6617224478039154
28 15 0.5365531197861886
33 15 0.6677551268502389
41 15 0.6583355827987996
15 46 0.5614953588642142
17 16 0.5448222874921843
16 18 0.7785797295587089
19 16 0.5814342695936128
20 16 0.787722137991039
21 16 0.6664264601117338
25 16 0.5487787716979946
33 16 0.609814371227162
37 16 0.7287108702443063
44 16 0.9512696309232669
45 16 0.6123665127591409
18 17 0.630450271730723
17 19 0.519970679680503
19 17 0.5869428816982771
20 17 0.5701564244515935
17 21 0.7077953595337004
21 17 0.5509021487527119
17 23 0.7151882302398309
23 17 0.5027571132826945
17 25 0.530748631787141
25 17 0.5181652763945395
27 17 0.6719113485518877
17 29 0.6301957405038112
17 30 0.7467183919828062
17 31 0.6404561209726467
31 17 0.5483183967168799
33 17 0.5323552316845532
17 34 0.5804731148427018
17 37 0.5329311183810408
37 17 0.6723763797965026
17 38 0.5090410694724055
17 40 0.6987982734952959
17 41 0.8099289140574826
41 17 0.659867453756833
17 42 0.5722322191682506
17 44 0.6329729580418371
17 45 0.7582862006806259
45 17 0.8668932235614528
17 46 0.5520155961059233
17 49 0.5580847833009128
19 18 0.5545117557463182
18 22 0.6360743539771614
22 18 0.5058553877934828
23 18 0.9070404777664551
18 26 0.5039042916809562
28 18 0.7581902994621135
31 18 0.5157515868619484
33 18 0.7826214512013605
18 36 0.6576950295520838
18 37 0.8834718347276747
37 18 0.6691596415671148
38 18 0.607757208432691
18 41 0.6895061211915101
44 18 0.7913990324127578
45 18 0.6803083688847679
19 20 0.5655122094102432
19 21 0.6712640951572179
21 19 0.718674377726475
19 22 0.5909178210366964
19 23 0.5258323429366392
19 25 0.6241309753420953
19 27 0.7260692973223474
29 19 0.7783930247792028
19 30 0.5463917893218395
19 31 0.6487839815469332
19 32 0.5603692779786739
19 33 0.6034761089873748
33 19 0.6158505273088936
19 34 0.6729731102601044
34 19 0.5829998630335251
19 35 0.6180934950178752
19 36 0.6691784535449944
19 37 0.5282526312142586
37 19 0.507210987609559
19 38 0.6966340259288584
19 39 0.7115193041421307
19 40 0.5036155907895514
19 41 0.6110916448708779
19 42 0.6045409773712089
19 43 0.8921270121322625
19 44 0.5970355984936812
19 45 0.8709705354211058
45 19 0.6037470622776251
19 47 0.7721573177455872
19 48 0.5590035013290255
20 21 0.560359457985578
21 20 0.5316006861425848
20 22 0.5179603373382422
20 23 0.7395613117201056
23 20 0.6209704682903043
20 24 0.5846434488055826
25 20 0.7036342510288887
20 26 0.6172972469081629
20 28 0.5693821281362828
20 30 0.5747444677588923
20 31 0.5961639414030662
20 32 0.5205819899469215
20 33 0.6116496354953034
33 20 0.5991332173397932
20 35 0.5842304220688972
20 36 0.618011828506234
20 38 0.6472116193425582
20 39 0.5028214037217094
20 41 0.5294427533098018
20 42 0.5256778920206833
45 20 0.6756474296453684
20 46 0.6409879365816502
20 48 0.5291782588967062
21 22 0.535445753039304
22 21 0.8522658535283039
21 23 0.6497080288030301
23 21 0.822283305148535
21 24 0.6255891239716673
25 21 0.6224098083017582
21 26 0.7265648493279006
21 28 0.5285449079754938
28 21 0.9735982604700983
21 29 0.523283184111798
21 30 0.5473777988839035
21 31 0.7373229477355276
21 32 0.5844455021508608
33 21 0.6091658685836833
21 34 0.5096040881414313
21 35 0.8565496678028772
21 36 0.8501464382610135
21 37 0.8328205074865438
37 21 0.6225890788005068
21 39 0.6569544855955831
21 41 0.6050536022441082
41 21 0.5808877656142561
21 42 0.6237177168780259
21 44 0.6433440028180506
44 21 0.5385091552277048
21 45 0.5169863480045667
45 21 0.5815116070276911
21 46 0.5490368271254278
21 49 0.6496632902506008
22 23 0.6702843258333757
23 22 0.5590103081795552
22 24 0.7297530438022305
22 25 0.6150691321406736
25 22 0.5483595667593496
22 27 0.8198140481965444
22 28 0.7469514859333583
22 30 0.6444691862833978
22 31 0.5953704348222063
22 32 0.5760138796448275
22 33 0.5759240009853019
33 22 0.6605798375246492
22 34 0.5058115069057116
22 35 0.5119134407862194
37 22 0.5240289867579075
22 38 0.733742255858268
22 39 0.7769084749159187
22 40 0.7034414825324649
22 41 0.9660933692783233
22 43 0.8302515885286559
22 44 0.5695268455786908
45 22 0.7718998293647599
22 49 0.5507731611783244
25 23 0.5224023025129347
23 27 0.6412219452866365
23 28 0.5081309619327887
29 23 0.5077327552112176
23 31 0.6352754193395868
31 23 0.5087162954869515
23 32 0.7237891567691621
33 23 0.6932818495381068
23 34 0.6121936584810906
23 36 0.605070985227388
23 37 0.7282681667570798
37 23 0.6681856141552533
23 38 0.8739475239686021
23 39 0.6237717918813404
23 40 0.6402439958652071
23 41 0.6978884878000692
23 42 0.6552998897870507
44 23 0.8061956984805958
23 45 0.5374702315231679
45 23 0.5542531338036529
23 47 0.8291277008002291
23 48 0.6227192862571063
25 24 0.6654981839552654
28 24 0.7964869699879644
31 24 0.533165998467761
33 24 0.6863809874416017
39 24 0.670086788961473
41 24 0.5467714671346817
45 24 0.6557489078651176
49 24 0.5372166520407518
25 28 0.7941222601173592
25 29 0.5536793086868659
25 30 0.6148869419072883
25 31 0.7447208435347104
25 33 0.6682548128377713
33 25 0.6325802510831167
25 34 0.7311706993416957
25 36 0.7214730362427877
25 37 0.6015145640283872
25 38 0.6622059301443137
25 39 0.5686141049167401
25 40 0.7495379348736253
40 25 0.8953847954243581
25 41 0.6063109543151102
25 42 0.7440259499416948
25 43 0.5322753441921046
25 44 0.5528036170699926
25 45 0.6342718473965452
45 25 0.5130610698927218
25 46 0.6023354919346124
25 47 0.535012554163866
26 30 0.5726506679520158
33 26 0.5690744265775001
37 26 0.5330506621070166
44 26 0.7479782173819318
29 27 0.5863065965640295
33 27 0.9666325637879696
27 35 0.7162826416491133
27 43 0.5018350275898515
45 27 0.6295901400483179
28 31 0.5945918154635488
31 28 0.5421933836945345
33 28 0.9253788983931601
37 28 0.6245302895688242
28 40 0.5876705438868866
45 28 0.6075515567543535
28 48 0.5786956664370924
49 28 0.8248775842703013
33 29 0.5805510808989082
29 42 0.5787344255397839
44 29 0.5154097400159181
45 29 0.7008915481193015
33 30 0.57957595390748
30 34 0.5041404640151419
36 30 0.5212151087715025
30 37 0.8145107810523486
30 38 0.6477528735388232
38 30 0.5574445643896959
45 30 0.6511562157552524
31 32 0.5177802639487044
33 31 0.5656776684331499
31 35 0.6757423041336907
31 38 0.6073907674541381
31 40 0.5508399245042384
40 31 0.55077229871117
31 42 0.5451810361723612
45 31 0.60252793219105
31 47 0.6792065037443491
33 32 0.5064507525952805
37 32 0.815115347738337
44 32 0.8328072885780198
45 32 0.6234092070094305
33 34 0.6367823946208683
33 35 0.6120196925657699
33 36 0.6361518790955387
33 37 0.6955705986646221
37 33 0.671693625284042
33 38 0.5615912465753828
33 39 0.813827426841716
33 40 0.5277374151393323
33 41 0.660684550233632
33 42 0.5260838855774332
33 43 0.6713351955970305
33 44 0.5397308736294416
33 45 0.5941843672514603
45 33 0.7128972700497591
33 46 0.5785748681185077
33 47 0.5635964212200748
33 48 0.6148499917446341
33 49 0.7576748949298214
37 34 0.5640905980329105
45 34 0.5529319190432331
37 35 0.7109251016620952
45 35 0.6446580526145677
38 36 0.5109870089008455
36 43 0.5890182856729931
44 36 0.5927105423666797
45 36 0.6007289396611943
37 39 0.5097553359120404
37 43 0.593549248698407
37 44 0.5034202271626989
45 37 0.676259489251356
37 46 0.5516201064651495
37 47 0.7482935889994902
39 38 0.5898410933336933
44 38 0.5270634103860328
45 38 0.6302207797107021
39 41 0.5591183934072046
39 43 0.7157371269025834
45 39 0.5491223012371516
41 40 0.5164796566630308
40 44 0.5242900774450865
45 40 0.6726916646253287
40 47 0.9161502551759826
45 41 0.817610535859712
41 46 0.7880859248038419
44 42 0.5557832660367901
42 46 0.5505309185509362
44 43 0.5595727945833553
45 43 0.5367481490047521
45 44 0.5672175652462853
44 46 0.7269904292556455
49 44 0.785427630836874
45 46 0.5745765516858363
45 47 0.5769770242507998
45 48 0.5132298856270228
45 49 0.549015224923161
2
3 0 0.5901621951329791
0 7 0.9282550942360654
11 0 0.7386553686610171
0 12 0.6149573627809375
12 0 0.542238119103589
0 13 0.5829047358339889
13 0 0.5228989834907583
0 14 0.8596497149190216
14 0 0.620964699889399
21 0 0.799142557790315
0 22 0.803059462979701
0 28 0.8412431479861695
0 30 0.5590450118716094
31 0 0.6154148754092019
0 32 0.5335980619326266
32 0 0.7751494088791204
0 33 0.6005574755109313
0 35 0.7042986476991574
37 0 0.5883474660608787
0 38 0.8578522081149904
0 43 0.5450174626024618
0 45 0.6745816540075249
47 0 0.7925273084904425
0 49 0.606618226825465
3 1 0.6008282749656996
13 1 0.6266634892946326
18 1 0.5628911089209632
21 1 0.7048235754459617
24 1 0.5899801487364964
29 1 0.6649390567545443
32 1 0.66429412694447
41 1 0.6707686974245513
3 2 0.5265991176213949
4 2 0.5462785307464224
2 6 0.6667801606290866
6 2 0.5984422056296004
7 2 0.5324306610753176
2 11 0.5176006311581887
11 2 0.5963787728944834
13 2 0.5262078795586655
18 2 0.5116703726085268
2 20 0.5092216430705359
2 21 0.7033370887661763
21 2 0.512510740861519
24 2 0.5370041339265184
2 25 0.6292827869969713
2 28 0.596201553739943
31 2 0.625622446235682
37 2 0.6791351000547419
2 44 0.7721062355278654
2 45 0.529805012479303
2 46 0.5102849114809858
2 48 0.5966502805102865
3 4 0.7753991345926494
3 5 0.5508364250836653
3 6 0.7568416932554531
6 3 0.6397649537048724
3 7 0.6908565999115202
7 3 0.5089035042737766
3 9 0.5474979360576475
3 10 0.6227415683678885
11 3 0.7042946318115243
3 14 0.6190726877222821
3 16 0.988874959598725
3 17 0.5836722133873551
3 18 0.6299040663304054
21 3 0.5126578343393595
3 22 0.8797413296291083
3 23 0.5360824843301024
3 24 0.7260982876298895
3 25 0.581013987422957
3 28 0.5161368206921368
3 29 0.6006651358185262
29 3 0.5085525982739247
3 30 0.5886110280375361
31 3 0.6017160878326434
3 32 0.831133882757577
3 34 0.6245034271540133
3 35 0.6225445502941616
3 36 0.8728796137346606
3 42 0.5442073334653705
3 43 0.6860996719190783
3 44 0.7455718916945635
3 45 0.6278980301446594
45 3 0.6742718900367731
3 46 0.5227402840206599
3 47 0.5034696292285297
3 48 0.5411995435683594
3 49 0.5857065108686352
4 6 0.5504028216291905
4 7 0.551316102986847
4 9 0.78354706212055
4 10 0.6620875177988231
4 11 0.5924675303911993
11 4 0.5588492188529823
4 13 0.6255263660902988
4 15 0.5871626317129852
4 16 0.6159954221965724
4 18 0.6251156270482089
4 20 0.8013456207845666
4 21 0.5223028739918543
21 4 0.6535441021415578
4 22 0.5094447478646438
22 4 0.5904694739723354
4 23 0.7865643686067505
23 4 0.5483563229085213
24 4 0.9769740450981605
4 25 0.6209485610392613
4 26 0.934853002062839
4 28 0.5913412737062798
4 29 0.5270511222814158
29 4 0.545414573143571
4 30 0.528342947069399
4 31 0.5240587812927286
31 4 0.7682359611201248
32 4 0.7213828263969927
4 34 0.5123823212005318
4 35 0.5024795304410921
35 4 0.5088707282057605
4 36 0.5961205276160042
4 38 0.6684148910090348
4 40 0.746930564981318
4 41 0.622592604347215
4 43 0.7246606641380465
4 44 0.5143631639598285
4 45 0.5502466114295304
45 4 0.634751140864388
46 4 0.6218326316647669
4 47 0.7708566707467752
47 4 0.6321046439786591
4 49 0.7572994126134883
5 7 0.9264838721066948
7 5 0.6505091276977564
17 5 0.5531681175181782
21 5 0.5125700124797128
22 5 0.622198048853412
29 5 0.5950949485433699
45 5 0.5280393668815253
5 49 0.5905907921625351
6 10 0.8971542929193612
6 11 0.5338290065910047
6 12 0.8908695914292362
18 6 0.6026183485600625
21 6 0.5288351461578771
6 22 0.5567714226553695
6 25 0.5335549591018334
6 30 0.7741880768461036
30 6 0.551070403174436
31 6 0.6419139762608927
32 6 0.5518167136225802
6 35 0.5740501522700854
37 6 0.5095393556110148
39 6 0.649145853346367
6 40 0.5398909774816536
6 41 0.9337742411730434
45 6 0.5266292036540813
6 47 0.6629924323494636
7 11 0.7217998222446587
11 7 0.5171697206043213
7 12 0.6191365476573003
7 13 0.7893500051048212
13 7 0.5443279486677608
7 15 0.562740604117768
18 7 0.6468122722346468
7 24 0.569368402360982
24 7 0.706278662798643
7 27 0.6235177504027101
7 31 0.5625070157205752
31 7 0.5837078764471593
32 7 0.6390161855607656
7 33 0.5691341522171941
7 36 0.6452268170235547
7 37 0.5527198937362452
37 7 0.6405459351024827
39 7 0.5939594888698358
7 40 0.7602635757446501
7 42 0.9427168800765764
7 44 0.5301228728743093
45 7 0.6088674907687266
47 7 0.6588090622886811
12 8 0.6271475516919229
13 8 0.9084307437990096
18 8 0.592758902392037
22 8 0.5602317887536009
23 8 0.5260233962291325
29 8 0.5697554487027945
31 8 0.5501551177345156
35 8 0.5304313898353232
45 8 0.6278149557463488
9 11 0.5558153460697886
12 9 0.5514787286829637
9 14 0.6453094953633605
21 9 0.5703437137229121
31 9 0.5501688107854767
35 9 0.5508432223745809
37 9 0.5654447844596571
45 9 0.5331923574142474
47 9 0.600244894131615
21 10 0.5667895165802319
23 10 0.6015542253771309
29 10 0.5670685265482351
45 10 0.9132906759835098
11 18 0.897226257655473
18 11 0.6744035182286365
11 19 0.5270966870554645
11 20 0.568964673113799
11 21 0.5250262270471311
11 22 0.5514775604793904
22 11 0.8455171940239274
11 23 0.5707871719958717
23 11 0.5959755593520077
11 25 0.5858428285227262
11 28 0.5276492523462468
11 29 0.5898298328780364
29 11 0.6106879691567345
11 31 0.773360300402592
11 32 0.750580573550464
11 33 0.5640683370609454
11 35 0.6794417535217785
11 36 0.5750096496884192
11 37 0.6524087891285011
37 11 0.5456432420022059
11 40 0.5527356660115151
11 41 0.5140839560374597
41 11 0.9163640194225287
11 43 0.6560872056775577
11 44 0.7313705086448854
45 11 0.6227445221113321
11 46 0.5152344043897001
11 47 0.5743458754055476
11 48 0.7280015696866031
11 49 0.6007654910774918
12 13 0.6447548396292828
13 12 0.6711392737557282
12 14 0.5784551025867819
22 12 0.650878998391925
12 25 0.516872778607131
32 12 0.679832804355884
12 34 0.5158531554511447
12 35 0.5227926711582713
12 38 0.5891176380062539
12 39 0.5096753533627298
12 44 0.5977194289082615
45 12 0.5567195091639933
13 14 0.5039212141437317
13 15 0.6066891972892936
13 17 0.5939063156927861
18 13 0.5779295317332818
13 19 0.6217629439524688
13 22 0.5309262415656342
13 23 0.8075900075683654
13 25 0.6916392774655
13 27 0.6353363127153231
13 28 0.6744122217511073
13 31 0.8646294842333913
31 13 0.5130531420456835
13 32 0.868021851387343
32 13 0.6625567203169898
13 35 0.5419483593490575
37 13 0.5903084102209195
13 38 0.5289538580354833
13 41 0.7427413962129075
45 13 0.7124166275717043
13 46 0.8219708508728651
49 13 0.5173455041887363
14 20 0.5749519599940144
14 22 0.6185651646679605
14 29 0.5110637251095713
29 14 0.5457086292732571
14 31 0.9343090595423358
31 14 0.5743884519254828
32 14 0.5116756879644482
37 14 0.7210130022333221
14 38 0.6200842449315527
14 40 0.5564693870762867
14 43 0.5696491983563707
45 14 0.7381760329578724
18 15 0.5135395395724811
23 15 0.5933288953269318
24 15 0.5935038539239383
31 15 0.5723821876811093
35 15 0.5207029782538106
37 15 0.6674416908186491
41 15 0.6485385596596036
15 45 0.6263158373256272
45 15 0.5261348545580494
18 16 0.5777742029524509
21 16 0.6730539698704532
23 16 0.6594316181772675
37 16 0.8749930859494199
45 16 0.6018327037385609
18 17 0.6947107774113959
21 17 0.6831814943235135
17 26 0.5526843174172067
32 17 0.597117273204435
42 17 0.5023751388045978
17 46 0.7096735037678468
18 19 0.5345680696377393
21 18 0.6657896082109819
18 23 0.5400550900269865
23 18 0.6305318463359852
18 24 0.529393545787864
18 25 0.5625956530679834
18 28 0.5126463721988805
18 29 0.6237857409343575
18 31 0.5414864529007735
31 18 0.6288560101817973
32 18 0.7563522227332489
18 33 0.6959355526879416
18 34 0.5240509361694248
37 18 0.500652306017012
18 38 0.5380366712865949
18 42 0.5353421461445649
18 44 0.6015280421072868
18 45 0.5752775128575401
45 18 0.8019298017759682
18 46 0.5916891275735043
18 48 0.645160966300435
18 49 0.6097676806692638
21 19 0.6037834884170781
22 19 0.5551585131048828
29 19 0.6799833173423869
31 19 0.6198148947100672
32 19 0.5003759121565208
41 19 0.5817724091035914
21 20 0.724294754229708
23 20 0.6470275742718234
24 20 0.7650286057928446
29 20 0.616615035343117
31 20 0.8751903838747008
32 20 0.5231639955374483
35 20 0.8930853080047879
45 20 0.5890343957081052
21 22 0.6500407965863714
21 23 0.5657015705915627
21 24 0.6287847221594671
21 26 0.5585688997367764
21 27 0.6982847269854713
21 28 0.5837128951702502
21 29 0.6856073675288014
29 21 0.5985092594687094
21 30 0.6733692596007588
21 32 0.7914012209613008
32 21 0.6169903281325173
21 33 0.6070392001463658
21 34 0.5295710540438954
21 35 0.6191581227603297
21 36 0.5232778378603067
21 37 0.5059516541197231
21 39 0.5280001683434932
21 41 0.5249268010506283
41 21 0.9545759917367365
21 42 0.5787985790704668
21 43 0.5506224423256193
21 44 0.6191823796638976
21 45 0.7303749414671639
21 46 0.5353525609349115
21 48 0.5709915272703043
21 49 0.6245866582521543
31 22 0.9138861753588383
32 22 0.5729363054344006
22 33 0.5783842714036005
22 34 0.7320176202308148
22 36 0.6734542848234972
37 22 0.7707395001457797
22 41 0.5946537628295631
45 22 0.6549460886012658
23 24 0.6122771657708537
30 23 0.5273609594462882
31 23 0.5409389734964192
32 23 0.5567020204460211
23 34 0.6313061183431947
23 41 0.5931027438724172
41 23 0.5100144273211025
23 43 0.6271217706301426
23 45 0.5017488739647575
45 23 0.6200296466390729
23 46 0.5962355173566338
23 49 0.5322808662696801
24 28 0.5049599474653113
24 29 0.6113578280390087
29 24 0.649535223240576
24 30 0.643118802115888
31 24 0.5569959947733921
34 24 0.6273532067785537
24 37 0.6129043557194622
41 24 0.8320539323338412
24 43 0.6095923977037929
45 24 0.5417640408095119
31 25 0.603055205425447
32 25 0.51244838267772
37 26 0.5397564159483803
41 26 0.6865863529121605
42 26 0.7860043061136541
45 26 0.6373938498760343
29 27 0.8586062558862897
32 27 0.9545791942004784
45 27 0.5351968655898072
29 28 0.5201772008785557
31 28 0.5213008926156397
32 28 0.7440871199140966
34 28 0.5644287732115603
28 35 0.5056019854712182
35 28 0.7319812424146801
37 28 0.5520045651473837
41 28 0.5413157808421811
45 28 0.6793570173324749
28 48 0.5317129727648819
29 30 0.6672164729844219
29 32 0.6502887193701568
33 29 0.6588437272359202
29 34 0.6003130560273471
29 36 0.5624041908924116
29 37 0.6258535894887604
29 38 0.6234017804163386
29 39 0.7128287860178488
41 29 0.7915795456381274
29 42 0.5991415947399097
29 44 0.7778617937644094
45 29 0.5344866266005712
29 47 0.915104909011448
29 48 0.5596806755057928
29 49 0.8100578914634209
49 29 0.9155242794810787
30 36 0.6384621377889386
30 37 0.6835609295557036
37 30 0.5151861496412171
30 40 0.5912121946432451
41 30 0.6721941602034025
44 30 0.645337750385454
45 30 0.6011010931948106
31 32 0.5338155395223658
32 31 0.7844048957548553
31 33 0.7362973608319916
31 35 0.6192535370844624
35 31 0.624239468856794
31 37 0.6701172012494573
31 38 0.7881419807888097
31 39 0.5216825550036392
31 40 0.6682467827789464
31 41 0.5499330104327383
31 43 0.5363217387390278
31 44 0.5578707967127587
31 45 0.6476959152839123
31 46 0.8333030783350861
31 48 0.5034809090910219
32 33 0.5318746202798657
32 35 0.7044799575223293
35 32 0.8559842221806675
32 36 0.7137787203527362
32 37 0.6794402996463923
32 40 0.5313190131701229
32 41 0.620412030887497
32 43 0.5778069713640019
32 45 0.5000131288215279
45 32 0.6381957692419757
32 47 0.595935871397065
32 48 0.5118449084538002
32 49 0.5457486608770891
45 33 0.7831924791423301
41 34 0.5457794674347303
45 34 0.6578779371835919
35 38 0.7932411227467187
35 41 0.809963189412674
35 44 0.6153563515839724
35 45 0.5079308014883628
35 47 0.8765392539904489
36 40 0.5893250103301129
45 36 0.7186585896343519
37 38 0.5064498424706376
37 40 0.6895802972751772
41 37 0.7690214294446716
37 44 0.5782633352785936
45 37 0.5944016357648128
37 46 0.6972667679349709
37 47 0.5107850420956549
37 48 0.5520468949878883
41 38 0.5082990076990832
45 38 0.524848132644784
39 41 0.7664498225262979
41 44 0.7024212355396875
41 45 0.8184214354053359
46 41 0.6519884766168755
46 42 0.8328578891077265
45 43 0.6012450498012563
47 43 0.6023580387107164
45 44 0.7269438357811207
44 47 0.655408598112583
46 45 0.5862794234684643
45 47 0.7356879458568404
45 48 0.8964305558558765
46 47 0.6408590777988565
3
0 5 0.6954326069734351
1 5 0.6266253849292431
1 7 0.5635131861158508
7 1 0.6328240529712386
1 10 0.9725924402918238
1 16 0.5049459439866006
1 17 0.5848216069752814
17 1 0.7019440977554754
1 18 0.6161930490779268
1 21 0.5045176600106955
1 22 0.5969275767458171
1 27 0.5224354648336387
38 1 0.8860883353699021
1 39 0.882772626399088
41 1 0.647129646533738
1 44 0.7275214011825608
1 47 0.8243679593755382
47 1 0.5986203008123359
1 49 0.7806041542587933
3 2 0.7742122251114623
2 6 0.6580487218075035
2 10 0.5509974431921243
2 15 0.6330061058209533
2 17 0.6101616369498917
17 2 0.6651459119809797
2 18 0.6631311763100618
2 27 0.6828780638864966
27 2 0.5268573172007258
39 2 0.5257934489341565
16 3 0.5071375279422958
3 24 0.7347286966025457
3 30 0.7664225728272978
9 4 0.6610494095782851
28 4 0.5321766355635555
37 4 0.7677769274659918
42 4 0.777107241991567
5 7 0.6006446068570457
5 8 0.5306227446768932
12 5 0.5712471556805261
15 5 0.5444483569070668
28 5 0.5623887632080091
37 5 0.7080079316741733
5 45 0.6185346902660767
7 6 0.6853403831791696
17 6 0.6710188142762916
39 6 0.5399312420336795
16 7 0.9722603510045835
18 7 0.5371309954784562
35 7 0.5797030403912777
37 7 0.574781136284211
8 13 0.841696297265845
17 8 0.642835259097716
18 8 0.5683219205204315
8 38 0.6440923934196288
16 9 0.6214666155405926
9 17 0.6211153740538093
9 27 0.5090369704419493
28 9 0.6837286832055599
38 9 0.5754788383897604
13 10 0.670888898135503
17 10 0.528181626312914
44 10 0.5879957496657606
11 33 0.9396202273989656
11 35 0.5581019201529336
11 37 0.5345804533898553
39 11 0.7337290494523221
41 11 0.7581302126575475
11 46 0.6083117822445097
46 11 0.7802606703950259
16 12 0.5133274711087641
17 12 0.6483658236766452
12 29 0.7846538670389478
12 30 0.5265948948058081
12 32 0.5607971607591906
12 38 0.5273840702833332
12 40 0.5100722274348775
12 46 0.7580911319024195
12 49 0.5945241521464169
17 13 0.8763248364197023
37 13 0.5601924749890435
13 44 0.6374892490295005
46 13 0.6115754433157297
28 14 0.5798379892244423
14 29 0.7210699518359049
31 14 0.5517665553215407
42 14 0.5535211692871446
20 16 0.9382669784662778
37 16 0.6526018178276245
44 16 0.5979556678113589
17 23 0.7000983770455174
17 24 0.757329547510637
17 28 0.525813733409664
17 33 0.6201240781320403
17 35 0.5135976098447272
37 17 0.508067720824912
17 38 0.6528895238287853
17 41 0.5416176927451188
17 42 0.505770173623743
42 17 0.5246156242417752
17 43 0.5311811887534816
44 17 0.7009237629966832
17 46 0.5117252450819594
46 17 0.7496554876007007
17 47 0.5186792449839639
47 17 0.5921062442433029
27 18 0.5028337054452565
37 18 0.5479755806760656
31 19 0.8219847615179601
37 19 0.6032722669036226
20 23 0.504341194607302
31 20 0.5756862362611179
34 20 0.5963288993834355
37 20 0.5600129794284454
20 43 0.6851542929162817
47 20 0.5733918445600428
37 21 0.8035629957331125
46 21 0.5172186995184103
31 22 0.5446634040850367
37 22 0.5372383055997891
44 22 0.578406290670247
47 22 0.6827686528375387
37 23 0.517926851299177
46 23 0.7036318875980276
37 24 0.6375475666954323
37 25 0.5085260978373407
44 25 0.998625821540132
46 26 0.7375887468566868
27 28 0.5227506352510451
27 29 0.5110034383913933
27 36 0.6556038968306181
37 27 0.5161847325407272
27 38 0.5830832486667117
39 27 0.5705980601177603
27 41 0.5268640803653071
27 45 0.596339051065575
27 48 0.7314434096767608
28 35 0.7454385666815091
37 28 0.530985024444613
42 28 0.5444146704659072
48 29 0.8172021153626232
31 30 0.6024461919248654
32 30 0.5535301591218733
37 30 0.5429365915044859
38 30 0.5431135690500755
31 32 0.8554767132475314
39 31 0.9464055990155005
42 31 0.5443331878532894
44 31 0.810888323432402
38 34 0.9196032167345778
39 35 0.6532771858918016
42 35 0.6697309827187461
46 36 0.510778549281981
37 38 0.6014442158554143
37 39 0.6268785604629836
37 40 0.556335495244336
37 41 0.5363953623341435
37 42 0.7054688998703614
37 44 0.7581374399562595
46 37 0.5025162435926136
37 47 0.8333348615405658
37 49 0.7448203065121864
38 41 0.9871597457271366
38 45 0.6411381448597875
38 46 0.5631598290459929
39 45 0.855547347639263
47 39 0.5368577916713186
46 41 0.6596605451809646
42 45 0.9304382453556783
46 42 0.6282620120576081
42 48 0.5557618947910632
4
0 15 0.7990363351030823
0 18 0.5470146695914879
0 20 0.5015209228767878
0 23 0.5695368357693344
26 0 0.7272535659083756
0 30 0.5188157942002543
0 31 0.7019923245057651
0 33 0.5454556910873898
0 34 0.5164129486988083
0 38 0.5276585685772016
40 0 0.6374583187873547
0 44 0.865334253295541
0 45 0.5047465640649589
0 48 0.7832504305496806
1 5 0.5516140995379295
16 1 0.614728288353251
1 17 0.6376084092403018
17 1 0.5278192862453357
1 21 0.7091117894239263
21 1 0.6182380489922381
30 1 0.6102406357000798
35 1 0.6019189656146857
45 1 0.7011936305621524
17 2 0.6130913385918568
20 2 0.8760505796737403
35 2 0.726183568796154
37 2 0.7665248236211224
42 2 0.8007240137811722
43 2 0.5915976771142089
45 2 0.611226203015997
3 9 0.6881325029736076
3 10 0.593505204514321
3 12 0.6180191461145148
16 3 0.5638702590623086
3 22 0.5665795160248821
34 3 0.5362283338517067
42 3 0.640622072756591
45 3 0.6486538592790803
20 5 0.555844660449301
24 5 0.9433295573179941
26 5 0.601298207014556
30 5 0.7273778400347555
33 5 0.5404302838684998
40 5 0.7844281241194233
42 5 0.5730761577480661
43 5 0.7032615786759331
12 6 0.7718297058591672
20 6 0.7343768772891355
34 6 0.5686050405985774
37 6 0.545029900849799
20 7 0.7528202968935973
21 7 0.5398910086788555
7 33 0.5467563416978436
38 7 0.5694110072210041
43 7 0.5272132235322533
7 44 0.6187181881684078
7 49 0.5550319847496357
21 8 0.5409832446415586
35 8 0.848293072123546
42 8 0.8266410599175265
45 8 0.5128751213255289
47 8 0.5787731229573323
17 9 0.8325549445232538
30 9 0.7170295021832789
37 9 0.6120468235526761
9 43 0.6195063873554241
35 10 0.6250199249984179
45 10 0.5463342500951507
16 11 0.7256441694503639
21 11 0.7850384886512989
11 22 0.8226270260100177
26 11 0.5355135899432426
11 29 0.6400990180659927
33 11 0.65616493974751
34 11 0.6559790899187212
35 11 0.5620632293123804
11 43 0.7223665087899644
11 48 0.6227401447974208
17 12 0.6432200066588012
18 12 0.659942811491739
12 33 0.6031002952592992
35 12 0.6663942439923518
42 12 0.6543560874155818
47 12 0.5280108273053914
20 13 0.7618509806532543
22 13 0.5287227877858225
26 13 0.8923148148735998
30 13 0.5018379070073209
33 13 0.6500468134390609
43 13 0.6071321354518697
13 44 0.5253847442355641
45 13 0.6791459042388674
17 14 0.7705779053436672
20 14 0.5219995015626036
26 14 0.5851718988772181
33 14 0.5849324990638181
37 14 0.5973007822536871
45 14 0.6823143315925606
26 15 0.5771259680131204
30 15 0.5020630687965968
45 15 0.5934443994035768
48 15 0.5467958239599879
16 19 0.6839838694152643
20 16 0.5363427147117399
30 16 0.6194791505418562
16 37 0.5685755812591271
37 16 0.5716475123025149
38 16 0.6121889564984844
40 16 0.5541104059737207
16 41 0.7524986102170781
43 16 0.7546524459018402
16 46 0.8851241688492102
16 47 0.5151109062505932
21 17 0.5172554206915545
22 17 0.811950951482802
17 23 0.7711310254142687
26 17 0.8878588916679804
17 29 0.5645604622195786
30 17 0.5640391548981851
17 43 0.6347913463734314
18 19 0.5814607724653582
26 18 0.592457075559224
31 18 0.5137558329328813
35 18 0.5124416120885547
20 19 0.5075951981693199
31 19 0.5111750508087725
34 19 0.629108190910442
37 19 0.5207316403495956
42 19 0.7600988279817307
43 19 0.6477066804633984
45 19 0.5768080736519081
20 25 0.8682864835850033
20 27 0.5215673001307171
20 28 0.8071342499067136
31 20 0.9009442989582577
20 34 0.5856708342440369
35 20 0.6334067054808243
37 20 0.5242139937887358
20 42 0.662566066707114
20 44 0.608849764769348
21 24 0.556366544236687
26 21 0.7011009082824281
21 38 0.5114754511666826
41 21 0.5356470417924561
43 21 0.5333160070193581
21 45 0.5265684950544154
45 21 0.5428697338871629
31 22 0.9236640490040924
37 22 0.5620835304785565
43 22 0.5274978042938432
45 23 0.5559339486836921
35 24 0.5288320621112348
41 24 0.508515811716731
30 25 0.5305482966841231
37 25 0.7436950811107927
42 25 0.5490985929685472
26 32 0.5970859616764743
26 34 0.5114550563718465
37 26 0.6412333927048952
26 38 0.5098028209042713
26 39 0.7172943710539545
26 44 0.9237744380087556
45 26 0.6852431668459023
26 46 0.8742573466810215
40 27 0.607381832060244
42 27 0.7890028434582645
45 27 0.5321280215641062
33 28 0.714739766037813
43 28 0.6106590222127763
37 29 0.5358292818483612
43 29 0.5567073227991
30 33 0.806923481760004
33 30 0.7206902104771096
35 30 0.518598580159636
30 36 0.5546377550823955
37 30 0.8227923491325764
30 42 0.967371719700461
30 44 0.5462995029661035
30 45 0.5048095933186181
37 31 0.8521352772874944
31 43 0.578740120005711
43 31 0.5197070791926914
31 45 0.5557356398471334
45 31 0.6905108625603787
42 32 0.5113422615173817
33 34 0.6762457684356427
37 33 0.5113184388643974
33 41 0.6809908204409947
42 33 0.5918564327122666
33 43 0.657739056339768
43 33 0.7579308471214167
33 44 0.5014948746077834
45 33 0.5852097381426419
34 41 0.6326194378670185
42 34 0.5512159793858195
43 34 0.6276923682162048
45 34 0.5418863257080804
34 48 0.5588597013787826
34 49 0.6324994356980556
35 40 0.7190497291918778
43 35 0.5236363586050112
45 35 0.5518709027185071
35 48 0.7122459385750433
35 49 0.7033835082483488
37 36 0.5174709308322671
41 36 0.8738049275340216
45 36 0.507546572202233
40 37 0.5127090899828677
42 37 0.5323043657091973
43 37 0.5927571722932138
37 48 0.526981029498059
37 49 0.5060535482701587
38 39 0.842221237249881
38 46 0.5662545910666432
43 39 0.5177547801006974
42 40 0.5219522144823843
49 40 0.7448434681589264
45 41 0.5620194017584221
42 43 0.7622169237395289
45 42 0.7760789742590735
42 46 0.5728561925065527
42 48 0.6924492845596903
42 49 0.6189773126536073
43 45 0.5826229824983202
43 46 0.5366926145281696
45 46 0.6831764662160036
45 47 0.5011904219841787
45 48 0.6063604429255456
