50
5
10.875171939410974 2.881115774064221 1.818360489032306 20.129321962026587 17.151023688642987 2.837503773376365 20.370714338222875 6.4627197379132495 10.802113381226548 20.38870558927878 4.46882481427724 5.382421651553971 9.950685224105516 3.5015067600509537 17.411403922753035 14.31266865151633 11.11757030536774 16.67120517006817 9.111746946692561 2.5718491101879493 12.02634062720911 8.567265657935298 9.74578808214992 6.709557026268319 7.665705556159243 9.4391711730675 3.7290919179015796 8.906761500756833 12.404227105644717 12.474011472859866 4.754373458196933 13.4588745012995 12.003447632627394 21.164899461699438 8.3454879270785 12.13586138478571 6.835526589622155 10.346784903305615 14.413212230004723 3.551840723767421 7.621828795492616 8.836415688248104 13.782532382195196 9.620910802958187 15.305998178317484 7.590539803762082 10.115305422082063 8.444939860169512 5.932162488929395 5.854504415737275 
0
0 6 0.5177995553863544
0 41 0.5594962542674065
9 3 0.9513798504513247
15 3 0.5368782148786289
3 33 0.6252668032249402
9 4 0.5310477358114827
24 4 0.5865900001359017
49 4 0.632505671833216
6 5 0.5808030230539236
9 5 0.7253811527723559
24 5 0.5636106143213797
16 6 0.5072196997919578
33 7 0.620961246517767
31 8 0.8542451393068202
34 8 0.5109855592384203
47 8 0.5156928583109024
9 27 0.687141699805152
9 31 0.5893061995064748
33 9 0.7368974473507006
34 10 0.9546832892382033
11 27 0.5139386642501473
12 19 0.8460444902756761
35 12 0.5441682225432591
12 47 0.5069615952189934
34 13 0.8129920866632703
30 14 0.770186503702396
47 14 0.5196857021166987
15 31 0.5294492892385705
31 15 0.542766249670428
18 16 0.5999395863342396
30 17 0.6913065047124831
22 18 0.7018758342052449
47 19 0.5050860995680535
24 20 0.6326671952720344
30 20 0.6196275583009658
21 27 0.6453624684364996
21 28 0.6731561973853013
21 47 0.6942361119709592
49 21 0.5744647847515483
22 49 0.5598462289134531
24 31 0.5190959559969233
24 34 0.5080455598897458
24 47 0.5080683144814231
24 49 0.5994685754930138
28 25 0.5193218685553171
31 25 0.6020333127329045
31 28 0.5372566448115279
28 34 0.6019570633603437
30 45 0.5610327494549054
31 49 0.646444471605043
33 32 0.6465440295694942
32 45 0.6997319807116764
33 35 0.9046674507009231
34 36 0.5321781109254027
35 41 0.928507866830659
35 45 0.9027827969369708
1
3 0 0.6307167430665767
4 0 0.5366870223703066
6 0 0.5864424461216313
12 0 0.6045842751723585
15 0 0.6478167967392316
16 0 0.895028097290449
20 0 0.5237246893128358
0 21 0.5760584111231941
23 0 0.588101116236778
0 26 0.5561734495014241
0 32 0.5611343877144339
35 0 0.7951795162011446
0 36 0.686796131724168
40 0 0.6873404271682131
42 0 0.5982455534251971
45 0 0.6241106771617
46 0 0.5887561090825018
2 1 0.5700374242778521
3 1 0.6056583071068337
4 1 0.6453798190666021
12 1 0.5911333485763234
14 1 0.571457417194881
19 1 0.6825426157819194
1 22 0.5058663745540952
22 1 0.5239861685505204
23 1 0.5452852472718923
1 25 0.5426901347643713
28 1 0.6393724338315188
35 1 0.5409955383692324
36 1 0.6848272286969277
40 1 0.620680698807399
42 1 0.5909648269004482
45 1 0.7863574549304833
46 1 0.7374641035272352
3 2 0.8061510160067609
4 2 0.7785309707823724
6 2 0.6044046072784443
12 2 0.7135362469509194
2 17 0.5868442721699094
19 2 0.8470828079247876
20 2 0.738230414709103
28 2 0.5453358191698964
33 2 0.7417056551799266
2 39 0.556778680187852
40 2 0.5601531778589475
42 2 0.7338789563029047
2 43 0.641564498370619
46 2 0.6385107087827198
48 2 0.8940259433944864
3 6 0.6403778128971751
3 7 0.5984505899067747
3 8 0.5058378285786493
3 10 0.7762959767964637
3 12 0.5416972345395464
12 3 0.6535868589833775
3 13 0.6626684684067952
3 14 0.8569589644447735
3 15 0.6837259860046786
15 3 0.6812756348899855
3 16 0.5293510955106716
16 3 0.5952697346567368
3 17 0.5751533583768171
3 18 0.5254071528203179
3 20 0.7828779930959872
20 3 0.5413858453245972
3 22 0.6525187292159194
3 23 0.6679972633283217
3 25 0.6706442646319093
3 26 0.6285138811023336
3 27 0.5726869660176298
28 3 0.5520380331095567
3 29 0.5081620653040888
3 30 0.8080552406061787
3 32 0.9148610793278222
3 34 0.9902632052810934
3 35 0.7525392901745287
35 3 0.5852082584237539
3 37 0.5640995526329551
3 38 0.5644037202471244
3 39 0.5209872012371876
3 40 0.5075327271200116
40 3 0.8183864875098615
3 43 0.8147620979024348
3 44 0.5299830724849988
3 46 0.5594196627501228
46 3 0.5795539524920951
3 47 0.6561413900445019
3 48 0.5458943563408878
3 49 0.5474115153973824
4 5 0.5336542900271928
4 6 0.627557327541525
6 4 0.7688885821669303
4 7 0.6572474426695529
4 8 0.5349004261032189
4 10 0.5183764719158599
4 11 0.6116678568876195
4 12 0.6747146561686667
12 4 0.7439469245047761
4 13 0.6552600099864235
4 15 0.5366757902850021
4 16 0.6195749158867327
16 4 0.6132685216914966
4 17 0.7633914360925116
4 18 0.5347901217247755
4 19 0.624295260802678
4 20 0.6071561141504423
20 4 0.5115774982966637
4 22 0.6372735747729688
4 23 0.8570410757701739
4 24 0.786986576818434
4 25 0.6195983704360468
4 26 0.560004864464863
4 27 0.6824109264339061
4 28 0.526987236864731
28 4 0.6909641867029659
4 29 0.5105165100002373
4 30 0.554621336366621
4 31 0.5084966295526911
4 32 0.7475979585228401
4 33 0.7141507177152067
33 4 0.927301729651679
4 34 0.9755605707533967
4 35 0.63385214675618
35 4 0.7405962006578246
4 36 0.6323420509489632
4 38 0.6541796800789673
4 39 0.6989453928003883
4 40 0.7608002035671457
4 41 0.8967064430962013
4 42 0.8765597583545387
42 4 0.5719189945991784
4 43 0.5878519888580966
4 44 0.5591209626299053
4 45 0.5669234612920111
45 4 0.5244680927490823
46 4 0.5385531288812762
4 47 0.6146196589761644
4 48 0.6305743089953677
4 49 0.7406761979669435
12 5 0.6723505637559248
15 5 0.5191486615951972
16 5 0.5063175453072326
20 5 0.8511440980356002
28 5 0.6368717038550777
33 5 0.5425713362519016
34 5 0.5055537906584842
40 5 0.5497853585997937
42 5 0.9857442620472434
45 5 0.5945054691774285
46 5 0.6589717211870934
48 5 0.550149666403785
6 10 0.9580820559902286
6 12 0.6240488697712172
12 6 0.5345793763246354
6 13 0.563198558555513
6 15 0.7192488019378975
15 6 0.6030241216058554
6 16 0.5951730551803647
16 6 0.5001109142083879
6 17 0.7803685975679446
6 21 0.6169416001737328
6 24 0.9122239953025766
6 25 0.5620726249306127
6 26 0.5387058964985012
6 28 0.63029505727688
28 6 0.5230039915308837
6 29 0.534331192262686
6 33 0.6579720673275755
6 34 0.6878462692520111
35 6 0.6588850533001156
36 6 0.887984139090968
37 6 0.9284196520385464
6 38 0.9135165800632494
6 41 0.6825698981658745
42 6 0.88004753689415
6 43 0.5615343084068954
6 44 0.5581819259984948
44 6 0.8652694960003444
6 45 0.7132587429759718
6 46 0.7817979985532613
46 6 0.5942547386850044
6 47 0.5028663280809242
12 7 0.5270445280995013
15 7 0.5498952638722711
16 7 0.6174977498227049
26 7 0.6974477998194026
28 7 0.5264472251395307
7 29 0.6318376478781282
33 7 0.6201762442618305
35 7 0.933408828798731
37 7 0.7623430184991573
40 7 0.8616430055755484
45 7 0.8309915214449133
46 7 0.654676334696102
12 8 0.5680303298547353
14 8 0.5621979049395092
15 8 0.6241493181371726
16 8 0.5110130208899448
20 8 0.5029111808106064
22 8 0.6216497777355692
28 8 0.5921744552076522
37 8 0.5270760240571601
40 8 0.7639228326935885
43 8 0.6684344845796482
44 8 0.5060111104628233
46 8 0.5092967282747465
12 9 0.6924500953109676
15 9 0.5454938026129594
20 9 0.6553371103743464
22 9 0.5065007025954751
23 9 0.560321594240266
33 9 0.6335406085530806
42 9 0.5334603349772264
43 9 0.85148137602158
44 9 0.5085827011834905
45 9 0.6122483745321524
46 9 0.8215974452075498
18 10 0.8682684697269312
20 10 0.7709285390358229
22 10 0.5674216636623177
28 10 0.6067423756900475
42 10 0.6895448549016858
46 10 0.7481848058129855
48 10 0.5702141007993999
12 11 0.6384272065503033
16 11 0.5065650684812728
20 11 0.5844778186244635
23 11 0.8316923939796292
28 11 0.6052588097777407
33 11 0.5734291472961184
36 11 0.6638331619299221
40 11 0.6925113995653164
42 11 0.586787766692189
12 13 0.6405890581069118
12 14 0.7587851346548676
12 15 0.720992346507269
15 12 0.541204518480302
16 12 0.5755292832207026
12 17 0.5174930720557518
18 12 0.5007937875945765
12 19 0.6375933882192534
12 20 0.603526264933383
12 21 0.6242757155404774
22 12 0.7709082971883192
12 23 0.5956518548300008
23 12 0.5965576362666907
12 24 0.6852924043461484
12 25 0.6674583028618887
12 26 0.6167197752631979
12 27 0.7292835044548895
12 28 0.6660525678739926
28 12 0.5629440889462997
12 29 0.5533404782900768
12 30 0.5436813703544223
12 31 0.5051006699254732
12 32 0.7863087929178845
12 33 0.6017676371910925
33 12 0.6011502262609392
12 34 0.7083248369398942
12 36 0.6044117522228692
12 37 0.7517951048961938
12 38 0.5815920243708566
38 12 0.5013128787359649
40 12 0.7293675471838477
12 41 0.6318891550073417
12 42 0.5498204338092525
42 12 0.7334709316710936
12 43 0.6434687628869434
12 44 0.8161111765521682
12 45 0.6962691637781646
45 12 0.532196564443657
12 46 0.6079389009119254
46 12 0.5685927844642239
12 47 0.6717578173567779
12 49 0.5595317607492787
15 13 0.8030150222617066
16 13 0.5814299319061043
20 13 0.6375642139628956
25 13 0.5878049462766508
28 13 0.6086110970469696
35 13 0.5146164986374443
37 13 0.5653764337281487
40 13 0.5726211612608569
41 13 0.54527167985377
42 13 0.5445668931180756
45 13 0.6121896322044915
46 13 0.6274544224121534
14 16 0.8027106656755024
16 14 0.735767449711092
14 17 0.7728370305920795
20 14 0.7488852385600069
14 23 0.7950060431040666
23 14 0.506946748891703
14 26 0.6264024784076019
14 35 0.6089877877867425
40 14 0.5441190962019093
42 14 0.7717116440787706
44 14 0.7038941695606755
14 45 0.7036317777321304
46 14 0.6185536191427918
15 16 0.8271185312559732
16 15 0.6351501977942363
15 17 0.5524268068280034
15 21 0.7236197642749299
15 22 0.7523630831997496
22 15 0.6070392418813273
15 24 0.5732478863772561
15 26 0.6665464734381936
15 28 0.6030670522413387
15 29 0.7674345836627399
15 30 0.5071437452141057
15 31 0.5226787544853131
15 36 0.5012391035242985
37 15 0.7580232147977162
42 15 0.6655490014076676
15 43 0.8104576150439282
15 46 0.5652947834419533
46 15 0.6084483250394379
15 48 0.6551182493913906
16 18 0.5751948413545624
16 19 0.5853129186691419
20 16 0.6394777266976086
16 21 0.5253411069136684
22 16 0.8627533598642243
16 24 0.6969433393229991
16 27 0.6300758030296384
16 28 0.5806065955614117
28 16 0.6154343599691892
16 31 0.6575880025875671
33 16 0.522475838226331
16 34 0.6131693911260243
16 35 0.6654918166073828
35 16 0.6337009052037661
16 39 0.5925797665218215
16 40 0.5877221650063116
40 16 0.5407837813694392
16 42 0.6455508268553793
42 16 0.7342261984038911
16 44 0.9883582062800729
45 16 0.6086400916832829
16 46 0.5630912604408312
46 16 0.5868048128977219
16 48 0.5587541212738335
19 17 0.8810457653731492
25 17 0.7556662224429567
28 17 0.5570321481777671
17 34 0.5188032150371964
17 35 0.8460717379196743
37 17 0.6044978325656467
17 42 0.5920338036790449
42 17 0.6066178408346355
45 17 0.5418434765695637
46 17 0.7101035466407318
19 18 0.6135484052995013
20 18 0.8406074336853937
22 18 0.5797299159759511
28 18 0.7958797383607257
29 18 0.5203824205917524
18 32 0.5066700206234083
18 37 0.5104083731019142
37 18 0.6446344552201064
42 18 0.6682477163880596
45 18 0.5708574637948411
46 18 0.65100538681429
22 19 0.6833759337554225
23 19 0.5322338215584496
19 27 0.7264328882877629
19 32 0.5784523415799014
19 33 0.5229725343632559
35 19 0.816797612446425
40 19 0.6270036821578613
19 43 0.5046273380178252
44 19 0.7293990642952104
45 19 0.6199521545151185
46 19 0.6968718791714469
20 21 0.5189451682243142
20 22 0.9237360245866273
23 20 0.6306335756323713
20 24 0.6856760174852716
20 26 0.9707412278467409
28 20 0.599310354733032
20 29 0.6038554716245103
20 30 0.7345895659089485
20 32 0.6391906979260431
35 20 0.5056795898175503
20 36 0.6808415784113964
36 20 0.5310919237894179
20 39 0.5011654836358741
40 20 0.5530564069126631
20 42 0.633439631581437
42 20 0.5850927337620474
20 44 0.5237978856249306
44 20 0.6968543046618005
20 45 0.8625424507965896
45 20 0.6494233857262198
20 46 0.5949991256745918
46 20 0.6187334993520514
48 20 0.6498946181373466
20 49 0.7870988573329947
22 21 0.542958969717362
25 21 0.6838081403103193
35 21 0.5961990894839091
38 21 0.5373654334611315
42 21 0.5498215648518112
46 21 0.6725716478150643
22 24 0.5149301388906982
22 32 0.711716782379219
33 22 0.5203833734037178
35 22 0.5394868452020827
22 36 0.8012331966114568
38 22 0.5238888195692653
22 39 0.5941417324671483
22 40 0.618375110579328
40 22 0.6035890432159168
42 22 0.6613161209851222
45 22 0.5623976266698432
46 22 0.8180509194524411
22 49 0.659934309398079
23 25 0.7233623992230029
23 30 0.608540148040319
23 31 0.8857388044278558
36 23 0.6753039258225064
23 37 0.6850182784201191
40 23 0.648422789431075
23 42 0.6428495492414603
42 23 0.511046582187469
23 44 0.9070109814594016
23 45 0.6801709558313815
45 23 0.6664678253216693
46 23 0.7145740900913897
23 49 0.5503354517534145
26 24 0.514470018057557
28 24 0.5055560187889931
35 24 0.539471033573985
37 24 0.5819226395012791
40 24 0.6330887606965017
41 24 0.5922886224597579
42 24 0.606737500809498
45 24 0.7764581863154376
46 24 0.5647166383639379
26 25 0.6018005411875713
28 25 0.5337828944666128
31 25 0.5629144518993632
38 25 0.6061169423255854
40 25 0.6616774974473204
25 42 0.5604600938640805
42 25 0.7670486444674567
25 44 0.5442852106412461
46 25 0.9094708184410025
28 26 0.5195128413171688
29 26 0.5194748795055912
26 32 0.7145727035389011
26 33 0.5862163828112554
36 26 0.6279418795347419
26 40 0.8077126613036436
40 26 0.8178598633914302
26 41 0.5777586788563636
42 26 0.5523989672055082
26 43 0.8183449828483902
45 26 0.5769754930895237
46 26 0.9018045557933512
28 27 0.6412776567891744
33 27 0.5981234717436348
35 27 0.5764542168022186
36 27 0.5759685767323465
40 27 0.6422440776821939
42 27 0.5448201181577523
45 27 0.5608466041133726
48 27 0.7029873567258489
28 29 0.5684204589723422
28 33 0.9068192387866598
28 34 0.631571080927321
28 35 0.5131754910854962
28 36 0.6361834158818049
28 37 0.8260677986029148
28 39 0.5907437213723281
28 41 0.8600270049064651
28 42 0.5948552089135889
42 28 0.6624944299934236
28 44 0.5649850973091602
45 28 0.5514393726204627
46 28 0.5178186034624398
28 48 0.6755776471204602
28 49 0.5652499407003522
35 29 0.7432744655608775
40 29 0.6108204043210044
42 29 0.562392242804489
46 29 0.6524402105927378
33 30 0.5402164302764081
40 30 0.5987433209858576
42 30 0.5432302785824505
45 30 0.6234669024793933
46 30 0.8599203389486899
48 30 0.500199915706659
31 40 0.5156962216907155
40 31 0.8152186471769849
42 31 0.5865727511411635
45 31 0.814371949426705
46 31 0.5528987172469673
36 32 0.5672671591850846
40 32 0.5203640326327779
42 32 0.6010645650044768
44 32 0.6880703081837682
45 32 0.5284366904773394
46 32 0.5648248600528047
47 32 0.5511994233561575
33 34 0.8134659162316695
35 33 0.5735322895521549
36 33 0.5009284002492158
33 39 0.6759158106719688
33 40 0.777181503977356
40 33 0.6253884226352976
33 41 0.6974939864334018
33 42 0.5809097456057063
42 33 0.512211634117953
33 43 0.5494319584990119
46 33 0.8800274682352445
33 49 0.8330802370406019
34 35 0.606379269721443
40 34 0.5617671909288577
42 34 0.6083120119724329
46 34 0.6590702589356076
35 36 0.8953369211935629
35 37 0.6666801191948761
37 35 0.5501672424637628
35 38 0.5461983368644188
35 39 0.5826917579318824
35 40 0.6322771049369849
42 35 0.6260623875517046
35 44 0.5007495760897493
44 35 0.5629239935172137
35 45 0.60732662133563
46 35 0.5558396326090844
35 48 0.7082974077531484
37 36 0.5246246927763056
36 40 0.6140058495784639
40 36 0.5805929924478956
42 36 0.5206620350950999
44 36 0.5373006323171303
45 36 0.8712570695183279
46 36 0.6537043732964364
40 37 0.5847081917990486
37 41 0.726193452630725
37 42 0.752961397707057
42 37 0.6634147720248424
37 43 0.5401576876304073
45 37 0.6010009896494528
46 37 0.6291533876298453
37 47 0.7834120263734543
37 48 0.5485167972089162
40 38 0.6009939460927581
38 42 0.5797654856675412
42 38 0.6311913170860018
45 38 0.5976435100858852
38 46 0.7010929571721864
46 38 0.6484228306745284
48 38 0.7662611527886147
42 39 0.5502654244481554
45 39 0.5399983872232297
46 39 0.6654202572656162
40 41 0.6830049040264763
42 40 0.6377425806988365
40 44 0.7864887851179685
40 46 0.7961818715366955
46 40 0.6404467554212864
40 47 0.6381644506853197
40 48 0.9964668240460537
40 49 0.6280903995880078
41 46 0.5148683798339067
46 41 0.606953612958609
42 43 0.6927081783252029
42 44 0.7394096168765056
42 45 0.7361862668765164
45 42 0.6820955355240569
42 46 0.595585174506942
46 42 0.5892007298608076
42 47 0.7119305740240321
42 48 0.5581294093854883
42 49 0.5627978367282591
45 43 0.6634327965421525
46 43 0.7481902655240467
46 44 0.5054428654572811
45 46 0.6620415740031096
46 45 0.6262354573492844
45 48 0.5364581882273567
45 49 0.7432069653324671
46 47 0.7073331861419555
46 48 0.6287327015162588
46 49 0.6568860679860231
2
0 1 0.6895198576823717
0 2 0.813293459785607
0 4 0.7175829213816516
0 5 0.8072973999533459
7 0 0.6194118113093998
0 8 0.7899075242303313
0 9 0.5179865654262128
9 0 0.6105520767997197
0 10 0.5781748494294534
10 0 0.5267246756468871
0 12 0.7643367499929312
0 13 0.5109686906350308
0 16 0.567172367963456
0 17 0.6209328381535494
0 18 0.8224155294776212
0 22 0.8021803542072414
22 0 0.515217557433342
0 24 0.5269327744299086
0 27 0.7614072840139563
27 0 0.6655363764354838
29 0 0.5592318822016608
0 30 0.6856328523615569
0 33 0.5663565165759794
35 0 0.6404519629091933
38 0 0.7254030199147374
0 39 0.5844475810591164
0 41 0.8213160935214863
0 43 0.7470754970773412
0 46 0.7720423089004291
0 47 0.5042396025545051
5 1 0.5410594927485739
9 1 0.5536241449987356
16 1 0.5453109111128671
38 1 0.6609082296028959
44 1 0.5028532595134736
7 2 0.6394067734399134
8 2 0.5074869207476258
14 2 0.6015000168969398
29 2 0.6096508745860998
35 2 0.528511892514625
36 2 0.5344939290925947
2 44 0.8023795927906314
7 3 0.5526668801653116
14 3 0.5724660452409663
22 3 0.7622340932693601
27 3 0.541727871579035
3 33 0.5324699391684604
35 3 0.5614928616935015
37 3 0.6089809612615757
3 38 0.567725373936995
3 42 0.9457504657435101
42 3 0.5798615252343919
14 4 0.7725995515122013
4 16 0.5254371298375655
4 17 0.6530972968078084
17 4 0.5264942237148933
29 4 0.7465362289294913
35 4 0.7926018864755753
9 5 0.6012462673085026
14 5 0.5894532901764691
16 5 0.8019834419323937
5 19 0.5979939072698193
5 26 0.5070445309373643
5 46 0.5503282315877847
7 6 0.5405964643964629
9 6 0.6359926375865315
14 6 0.8407943634647348
27 6 0.5727321140104218
29 6 0.5039372112059932
14 7 0.6892625016545431
7 15 0.5242031016878295
16 7 0.7464375315309748
7 17 0.5111377718237409
17 7 0.5829635167285099
20 7 0.7668324934068464
7 26 0.5157729188962208
29 7 0.6165996599051609
7 35 0.7660951697545444
7 38 0.5238944359142075
7 48 0.6398833045618089
9 8 0.5903215855803694
8 10 0.6787999897522345
8 12 0.7013655444092091
14 8 0.5388481421811613
22 8 0.9151976499975494
8 23 0.5497129398070597
8 29 0.5580800315961134
29 8 0.5921310423446708
8 32 0.9312440949267851
37 8 0.7855290760046987
8 42 0.9925509464062312
9 11 0.6583496602100887
9 12 0.5132965176706155
9 13 0.611044656225048
15 9 0.5025408943152665
9 16 0.5454594056230782
9 17 0.6642389860367903
9 18 0.5420374994294901
9 19 0.6144318171761358
9 20 0.6902532765955505
9 21 0.7605744028041813
9 22 0.724664407884638
9 23 0.5489890280091156
9 24 0.6036929766640616
9 25 0.7450532041427353
9 27 0.555062133560531
27 9 0.5009946541211314
9 28 0.5541321914919202
29 9 0.5062309465085375
9 30 0.5450611382960638
9 31 0.6839439790364843
9 32 0.7021355168976682
33 9 0.531843507621949
9 35 0.8192695122546187
38 9 0.599240564887111
9 39 0.9470161267797275
9 40 0.555891111112971
9 41 0.546822949346343
9 43 0.5676807685678809
9 44 0.6817373756263252
44 9 0.6074105094570283
9 45 0.812322460459687
9 47 0.5068390437614025
9 48 0.6758324999713938
9 49 0.6730820437906284
14 10 0.6100001995908206
16 10 0.6922401019974675
22 10 0.6233253967682857
29 10 0.6419781792474788
45 10 0.5418882121786497
14 11 0.5826520680873082
16 11 0.5162527567122548
22 11 0.6438263152983155
27 11 0.8820707087355517
42 11 0.5019508710958034
14 12 0.6467129004786473
29 12 0.518215315526362
37 12 0.6279038797895717
14 13 0.6180094566918054
22 13 0.5043302769478504
27 13 0.7547195604863757
29 13 0.5928502733189149
37 13 0.5754052141020524
13 40 0.6417243928421466
42 13 0.7133214919998947
14 15 0.6734902706192566
14 16 0.5339663162890669
14 17 0.5221285435049327
14 18 0.6915598311650906
14 19 0.6720259738034029
14 22 0.6291520087329021
14 23 0.6458641575275713
14 24 0.5739692930054969
14 25 0.6800229290425985
14 26 0.5136445529480829
14 27 0.601322069847426
14 28 0.5758707430116858
14 29 0.5364820517534774
14 30 0.6679736480523654
14 31 0.5509253740116874
14 32 0.5897108869500896
14 34 0.7328741429253919
14 35 0.5934295470309978
14 36 0.7760698209710479
14 37 0.5643416579604694
14 38 0.507107375719057
14 39 0.6388418453277116
14 40 0.535418238812682
14 43 0.5331929163601705
14 44 0.5457406886432263
14 45 0.6090554183722892
14 46 0.5971283453042462
14 47 0.5010090930275612
14 48 0.9044551177008906
14 49 0.6324140667792753
15 19 0.6977508231761325
15 24 0.877461815043872
29 15 0.5123744587070813
36 15 0.6003246525969173
37 15 0.5409854117816006
44 15 0.560467537772461
16 17 0.6187712274283148
16 22 0.6942267646882663
16 23 0.5089964601640238
16 24 0.6896296873178839
16 25 0.5027635805521489
16 26 0.6559483395934711
27 16 0.6438626226646063
16 29 0.586417112187074
16 30 0.5285669928506413
16 31 0.6460562580234104
16 32 0.6836075104815735
33 16 0.6100614985244837
16 34 0.6828710599960395
16 39 0.5278777780099078
16 40 0.5308829595173472
16 46 0.7746868995520337
16 47 0.5460497359661005
16 49 0.7465121458801169
17 18 0.6634045371972153
17 19 0.5894329270061212
17 20 0.640222311628216
17 22 0.5704276501466456
17 27 0.8118208019515731
17 28 0.6179324247555189
17 29 0.5839756513937431
29 17 0.5931232742737591
17 33 0.6254608628046072
17 34 0.5021132764510994
17 35 0.5624728744351113
17 40 0.7999026103755074
17 43 0.7116116694346055
45 17 0.8369954233565866
17 46 0.7897373844124259
17 48 0.5419258662029176
22 18 0.7331886558302165
38 18 0.8107232338334562
22 19 0.6326827057344966
35 19 0.7428851052630423
37 19 0.8569188229978182
42 19 0.5431861538953255
27 20 0.8684013835918376
30 20 0.6667687708082095
20 41 0.6614113361376126
27 21 0.6806156062070046
29 21 0.6902448510042409
27 22 0.815645600500559
45 22 0.6452462326860802
22 48 0.5468845641081082
27 23 0.6129591924890154
33 23 0.6928895251492262
36 23 0.600416891339225
37 23 0.5141897961604791
42 23 0.693421672383969
48 23 0.6118536597129671
35 24 0.7767846405532144
38 24 0.7851704772374866
29 25 0.5537001738404546
35 25 0.5893308049464648
36 25 0.5232405382025189
37 25 0.5416860010010007
25 42 0.5143531512670316
48 25 0.5234015862829433
30 26 0.535644207013624
37 26 0.5206266343280405
38 26 0.7153893306099905
45 26 0.5175585583872353
29 27 0.5384776967338732
27 30 0.7050061028367443
27 31 0.9962625383934653
27 33 0.7031032453932873
27 35 0.5365308919386955
37 27 0.5895820853189655
27 40 0.5729555235973818
27 45 0.5286594835744016
27 46 0.5416071785397685
27 47 0.6338087384547437
27 49 0.5124691917575344
29 28 0.6673104391554764
44 28 0.6179331401778692
29 31 0.7449417139370946
29 32 0.6278181753157825
29 33 0.6068196268456476
29 34 0.5844680296892488
29 35 0.6475966839418008
35 29 0.5473602545957477
29 36 0.664990003040453
29 38 0.6467155240156205
38 29 0.6187822893338788
29 39 0.5091922524902703
40 29 0.6695197409792355
29 41 0.6588367338260681
29 42 0.5032310029572411
42 29 0.6075754354316087
29 43 0.5410916592722124
35 30 0.6052095574647951
36 30 0.5056299026779711
42 30 0.5974946803627035
33 31 0.6716844141645462
36 31 0.5297854334047793
36 32 0.6502242260086034
37 32 0.5557931547149781
42 32 0.5595331793998721
34 33 0.5132211443432013
33 36 0.7255797701647262
33 39 0.7173977195452403
42 33 0.6329528778348117
33 44 0.6249432556748677
34 38 0.5254892019687003
34 41 0.533397255803151
44 34 0.5430150877765434
35 36 0.8154792042410955
38 35 0.5768651310112829
35 42 0.6611707421468693
35 43 0.9970941666922073
35 44 0.8023639953450901
35 49 0.6644360223362948
36 37 0.7658420039287626
36 42 0.6110683088070694
42 36 0.641479711441372
36 43 0.5051325010320378
37 42 0.6284534989917316
42 37 0.6109224040108394
37 45 0.5348942906674854
37 46 0.6043919242525666
38 40 0.7445784233986161
38 43 0.6018949518407903
38 48 0.5304913270665994
42 39 0.7442618959530178
42 40 0.5321544004770362
48 41 0.6679218785386387
42 44 0.8332335211907909
44 47 0.7153407093712572
3
0 1 0.5945106034358612
0 8 0.9357131100947171
0 17 0.510573520478079
18 0 0.559242209041672
0 19 0.5873908348419827
20 0 0.9024042579091187
21 0 0.5048070694053208
27 0 0.6521857455044291
0 30 0.6031078568296713
0 33 0.5567075780333892
0 38 0.5673738538709867
43 0 0.6097781907763369
0 45 0.5047070599196346
17 2 0.5733562964455616
18 2 0.7894666030953672
34 2 0.5213227327573917
44 2 0.5382321845412348
47 2 0.7358847050373956
6 3 0.5573551394805707
20 3 0.7270533126430376
38 3 0.6231822420693924
46 4 0.7301052485131546
49 4 0.7779831114430074
6 5 0.6985124798526768
5 18 0.5538605041786255
21 5 0.8589832820299872
26 5 0.5013454667450041
5 40 0.5889737715971854
6 8 0.948957114175504
8 6 0.7093007778515401
17 6 0.5148571324238855
6 18 0.573996054920145
6 21 0.6537823836993684
6 34 0.5856276635332536
36 6 0.5984087737836248
38 6 0.8401326316805771
41 6 0.5132121996144736
6 43 0.6886435710355081
43 6 0.5030524825507328
6 47 0.6346197506978613
6 48 0.5900010739421171
21 7 0.5906423679498831
23 7 0.8583557639248178
27 7 0.9360073876352746
34 7 0.5547178759433513
35 7 0.5828088297756531
18 8 0.6886536463218733
20 8 0.771950344451646
33 8 0.5358045340366429
8 35 0.6470602690944826
8 40 0.8204839532193238
44 8 0.9433336283333873
10 9 0.6384105977695167
14 9 0.6981077331174899
18 9 0.7200050789847379
26 9 0.5526756197782634
32 9 0.5418488114152891
33 9 0.9615549483440768
43 9 0.6832320919065593
10 13 0.5854425987026501
10 15 0.6231281291836084
18 10 0.667782252520224
23 10 0.561208233329112
10 44 0.5895725734356849
10 45 0.7843090809734692
46 10 0.6603255537908431
48 10 0.695165849917732
18 11 0.851126572067048
28 11 0.986358186558044
36 11 0.6174901140064247
12 25 0.5498153351859836
27 12 0.5138785199182643
38 12 0.5014421613266131
44 12 0.5887248570752677
48 12 0.5028926442152668
23 13 0.5895145033898892
26 13 0.6143989725660883
34 13 0.5133963030154953
35 13 0.5201625113474708
43 13 0.5231166125092948
17 14 0.5151262721759464
18 14 0.5716293906846268
20 14 0.9434845316832543
14 24 0.8019107560567895
14 28 0.6161424950141867
14 32 0.5447120250838142
34 14 0.5153734660252791
14 36 0.541196434796267
14 43 0.5355731533054071
14 46 0.6043420944959788
47 14 0.8109462352777894
20 15 0.5820617708922469
28 15 0.6408954488233989
15 33 0.6737780359787389
41 15 0.6914529322492433
15 49 0.5362946178985166
44 16 0.6935047239615821
23 17 0.5774847864888071
29 17 0.6082849163717916
17 38 0.8749512760983649
38 17 0.5362122053394971
46 17 0.5206899199694939
18 19 0.577886547066548
20 18 0.5490899967466976
21 18 0.7541534554365594
18 24 0.6930522281106863
18 27 0.6235930437269335
32 18 0.6282014472388469
18 37 0.5333768589561554
18 40 0.9569113373865694
23 19 0.6515845181734126
25 19 0.6612537623809731
35 19 0.5890978252854338
21 20 0.6520883114416534
20 22 0.5276191060261421
20 31 0.9836369444781952
32 20 0.6161103991899719
20 36 0.5931171920152616
20 40 0.6840230845093271
43 20 0.626458522095666
20 45 0.5250636384444589
20 46 0.6661118085914646
20 47 0.5199835586299757
47 20 0.6093784513530944
20 48 0.8251679948955233
23 21 0.6967332387497267
21 25 0.5622906031199135
21 26 0.623334494110307
21 36 0.656902650310417
38 21 0.5447549897057116
21 42 0.6687506904357182
25 22 0.8019538094765122
27 22 0.7038461253386001
28 22 0.7872087085982382
22 34 0.5180541273185584
43 22 0.6510561760413102
44 22 0.7225391614671577
22 45 0.5916051866747163
25 23 0.560612559210818
28 23 0.5972735861434155
23 35 0.5064578128914781
23 36 0.5748114477162802
38 23 0.5657234125596644
23 40 0.6259868681169114
23 42 0.5062646496999597
44 23 0.769226979634768
48 24 0.69790510297811
25 26 0.5574470881216824
25 28 0.5828651220514716
38 25 0.5036022764949817
25 41 0.5533509265857315
25 44 0.6337763216557453
47 25 0.5435771935517779
25 49 0.50043226672281
27 26 0.5173238439521053
34 26 0.6523522420888284
26 42 0.9396449020278279
26 45 0.5703338363057344
26 47 0.5317484738376823
47 26 0.5171679640515103
32 27 0.637232949322678
27 34 0.542739611577699
29 28 0.6197340276664334
29 31 0.5439754381462842
34 29 0.6105923462739835
29 36 0.5410172428261295
38 29 0.6806662322646437
29 42 0.5325922888765351
47 29 0.8361379122496797
35 30 0.9631455716715083
38 30 0.71961801696075
43 30 0.5149478638223743
44 30 0.8277418995217785
35 31 0.9762570646605218
46 31 0.5561700417299071
32 34 0.7417984290837851
32 37 0.5762516376816329
32 39 0.6081365747628547
41 32 0.5493988826445306
35 33 0.6069376478092892
44 33 0.6838015681076626
34 38 0.572899895028437
34 39 0.783699312416209
43 35 0.5713767114695678
47 35 0.7632853081290529
46 36 0.5724426459039413
38 37 0.654104035515505
43 37 0.7530879904227032
48 37 0.9984272382471016
38 40 0.7601595854238643
38 42 0.513059148062313
38 44 0.5510625601056148
44 38 0.5446977672044273
38 46 0.5593343022742987
38 47 0.5581975155110837
49 38 0.5338869379329108
43 39 0.5038385212313579
47 39 0.5628520062913656
44 40 0.667389545651043
47 40 0.6008268416093787
44 41 0.7174845343190871
43 44 0.6287130212535668
43 46 0.7178755188681303
44 46 0.6137908584148182
47 46 0.6410121460153778
46 48 0.9387561981979058
4
17 0 0.729002478629927
18 0 0.6864435435063385
0 24 0.7324202262073136
29 0 0.5408508058960009
31 0 0.721719833027388
33 0 0.6629343014372948
43 0 0.6550169921727753
4 1 0.8943162318595921
1 7 0.6277977348436907
8 1 0.6206266652925134
29 1 0.5200907206156553
1 31 0.6670935315177882
1 37 0.8434115128464248
37 1 0.7165048327137475
41 1 0.6354482780531983
1 49 0.7463480035361512
8 2 0.6133593164373381
11 2 0.5377630816474757
31 2 0.5510044466398928
33 2 0.7563218156302549
48 2 0.5495972981825368
6 3 0.6942711460326532
3 12 0.6545003954152073
17 3 0.6513125893936134
21 3 0.7514249094520544
31 3 0.6387729013967958
37 3 0.5427681261069639
48 3 0.5792732860648095
4 5 0.563884178773435
4 6 0.5510394859818628
4 7 0.5162449373357241
4 8 0.6217444561536576
4 10 0.6085191427951133
4 11 0.6350769261348916
4 17 0.603158305182799
4 21 0.8321946899560455
4 22 0.7404326155241681
25 4 0.560531145223647
4 28 0.6657894704119718
4 30 0.7167426842985254
4 31 0.5652131270031631
32 4 0.6977234126509708
4 33 0.5706657728810254
4 36 0.5982621045977099
39 4 0.7986341618838679
43 4 0.5691982760452041
4 44 0.5983701486811968
44 4 0.9301235610874325
4 45 0.664412780232905
4 46 0.6502736413097253
4 47 0.7264433234614185
8 5 0.6974689909898979
11 5 0.6635159839250304
15 5 0.5036678073161172
29 5 0.6323406842426416
33 5 0.7335562654103005
8 6 0.5213130197555209
6 10 0.5742585027121787
6 11 0.5469343782695768
6 12 0.6667990207286948
6 13 0.970224418870065
6 15 0.6239839211540663
6 17 0.5759218211516395
17 6 0.5602942208184742
6 20 0.6777340623173576
6 21 0.6649014246751905
6 25 0.5391675711218338
6 27 0.6115610388379081
6 32 0.8049827988139158
6 33 0.6001289952564515
6 34 0.6370040763912646
6 41 0.5690518925202641
41 6 0.5050496931872981
6 43 0.6772985303000361
6 45 0.5693099130393957
6 48 0.5627356633271599
6 49 0.5323165135145149
8 7 0.6273738650732735
7 10 0.6204139788509584
10 7 0.9032356230175531
7 18 0.8469868816723389
7 31 0.6300984215091356
31 7 0.880341102051851
42 7 0.6219085943641398
8 10 0.5137215974839273
8 14 0.5853373833749358
17 8 0.6152543772679839
8 26 0.6391347370915983
8 27 0.5140144726805596
8 28 0.5072372393375004
8 30 0.8691934276638738
32 8 0.5867365238905985
8 33 0.6453943868308925
8 35 0.9301720511583476
8 37 0.6806792516413385
37 8 0.5697855024934337
8 39 0.6660596475021408
40 8 0.6293497496596863
8 41 0.5924036930226402
42 8 0.7736655211322736
8 45 0.8902485251000545
8 46 0.5602218782498953
8 47 0.5354933723657772
8 49 0.5873392090596252
18 9 0.5900522221611999
9 31 0.6738218629586714
9 37 0.6473321706746247
9 41 0.5420146109930477
42 9 0.8440802725416605
43 9 0.6039905649224859
44 9 0.6611376035459742
13 10 0.7985072269942834
10 34 0.7487540512026643
37 10 0.6699617476801505
11 14 0.5288085297759124
15 11 0.5006863273652467
11 16 0.6856247886776283
18 11 0.5534130384987399
11 19 0.6378562057675643
11 20 0.5113344342285504
22 11 0.5385554222716811
11 23 0.6727628541124508
29 11 0.6939581998291469
11 32 0.7069772961090592
11 34 0.5784258518864842
11 37 0.5121761467699575
11 45 0.7854639256207927
11 48 0.7574348199438647
11 49 0.5246993663161981
13 12 0.5620412500236367
17 12 0.6659759842313699
22 12 0.5938164263884753
25 12 0.50068621952428
29 12 0.7219445481275094
17 13 0.5753922780920591
13 20 0.5169881019791502
13 22 0.6995776929241905
13 24 0.5653700784652702
25 13 0.5317627152673003
13 29 0.7061763465331843
32 13 0.5045177959996763
13 35 0.7781733624152298
13 40 0.5938152746410184
42 13 0.6049521035266354
43 13 0.5258061282957486
44 13 0.7288834088148486
13 46 0.5850208529262382
48 13 0.654020827582863
29 14 0.7719516746868889
33 14 0.5013620457662729
37 14 0.6787551504794935
44 14 0.6643062350842711
18 15 0.5538064815043924
15 29 0.8691889714423018
44 15 0.5057293254145414
15 49 0.5009387468525768
17 16 0.5195897450462312
21 16 0.6989956010162446
22 16 0.5411072760394886
29 16 0.7481530430832748
43 16 0.6109565313052219
44 16 0.5195742509582528
17 20 0.5315961332260863
17 21 0.6117057255968072
17 24 0.5192000554652796
17 26 0.8195819412556598
28 17 0.5793807195250598
17 29 0.6878002481631441
17 32 0.8363382568109012
17 33 0.7003909463207865
17 34 0.5906046507681133
37 17 0.6129530532479821
17 38 0.5191254412602078
17 39 0.7305804336608166
17 42 0.6129774604732663
17 45 0.7173359000954385
48 17 0.6795070153278417
22 18 0.5366475857166986
18 25 0.519188840910676
18 29 0.6928639741357103
18 30 0.5037834645433699
18 31 0.6383907274113709
32 18 0.577757621280784
44 18 0.5286791424445503
28 19 0.5161932532080886
32 19 0.5309577989826444
41 19 0.9034661670753081
46 19 0.6241332322596878
20 22 0.7479437446686004
25 20 0.6489952211015995
20 27 0.5793910179440973
43 20 0.6579448368446477
44 20 0.7174819691497127
46 20 0.6131450132779179
48 20 0.5329541761972878
21 27 0.5335139121529043
28 21 0.6811265716836605
21 29 0.9847122815194211
29 21 0.6580601805577028
31 21 0.7197890315758513
33 21 0.5312025653976524
39 21 0.5019409720782826
43 21 0.6551582205669613
44 21 0.5256346548826312
31 23 0.8680405172622956
43 23 0.8285143493082752
41 24 0.6642869689779589
43 24 0.5557328838034528
25 26 0.9727318382976611
25 33 0.72697218265135
25 38 0.5540833778262761
41 25 0.5425634931149295
25 47 0.6573861050019685
26 30 0.6068933117444006
31 26 0.6188410320346374
43 27 0.6385708866154387
48 27 0.5358537541527764
37 28 0.5424116203250009
28 41 0.5171540504979337
28 42 0.8065173833005927
44 28 0.542843132802844
28 48 0.5817615706064063
29 30 0.5459794013539625
29 31 0.5490900455027923
32 29 0.6779343223126935
33 29 0.6701661634017688
29 38 0.5691098442927548
29 42 0.6903688285423131
44 29 0.6065182594230146
29 47 0.7485767827068608
47 29 0.6246253320365993
48 29 0.5921388639152194
29 49 0.5580882863867573
30 32 0.5449363910770686
33 30 0.7376002683699379
31 35 0.5752439161940246
31 37 0.8578061520437419
31 44 0.5652766262529694
32 33 0.5978146996215676
32 34 0.7787370639986293
32 35 0.5396406754480318
32 37 0.5443592973457514
32 40 0.7378744266490989
32 43 0.5536332384411851
32 44 0.5792674539973595
44 32 0.5242437177655983
32 46 0.7661031197203225
32 47 0.8220384964539115
33 36 0.8112356897704949
42 33 0.5734577561892009
33 49 0.5338342839957204
43 34 0.6317242268986138
44 34 0.6901164913534725
43 35 0.64708519673753
44 36 0.7389520349798471
37 38 0.8922697410543663
39 37 0.6758748751755133
37 42 0.5714726536050612
37 43 0.6311733968296751
44 38 0.5609418406442681
41 39 0.6704302738996117
43 39 0.5614239772070821
48 39 0.7643117753798605
43 40 0.6876790620369224
41 43 0.5258697991844599
44 42 0.6112640219322971
42 47 0.6810156277100581
43 44 0.5180302285692124
48 43 0.5506605586894595
44 45 0.6615216058738462
44 46 0.5904744957966472
47 44 0.508612772682818
44 49 0.5921900533745472
48 47 0.5986360975645098
